16382002
7919436
15016571
12107825
4437874
2672735
12255467
1748786
9352990
14435794
3074959
7556529
10412917
11340450
16119452
38418
15200002
13538645
2885002
1171494
1638638
15408853
7164429
1192338
1896778
1926
2230038
8707707
12725553
4277173
14504882
13306385
13434720
2816521
6142572
9497082
4133324
14145391
15527106
10015231
15377111
13188287
8255033
6170028
10608274
9943234
12288846
775165
9173627
3380417
12177055
9703646
2605244
10546976
4361939
3793121
4549645
3635075
14207670
6958343
16766100
11288063
8637317
690081
8260250
5991240
14563690
10192729
12880893
5212608
8636130
3348650
8667234
6582126
7501184
3280652
6843175
15584979
6101563
2920636
11637665
9803236
3754813
16546739
6047716
1898685
8388895
11493441
710794
6212968
4069260
1878406
12293596
4210973
8393035
7146793
7551750
3919181
8280623
1929877
10819746
7362846
16618973
3815674
11100761
9397537
13634946
16152580
10588886
15346257
9133568
8498168
2589924
1113486
16605151
3047194
7287690
15078548
11831621
10750217
7644726
8680199
4268550
13420246
16231148
11155746
8009483
7552013
14260613
15188312
11394021
12261242
4320964
2806521
7902508
14583590
8855061
14649470
11965769
1649126
1650623
4380469
14974304
16409962
796026
4271042
13680090
6875919
2826407
13330198
12704801
5024935
16458186
12586495
3300102
13106978
7918779
16579171
2900076
12465977
5012788
617071
5587067
13934786
14514433
12154397
203954
15577521
5151462
16670718
15879749
2401628
9696697
1050881
10571042
7475191
9870556
7348709
8993595
7473852
1296252
12321120
16320966
6849869
5573286
10281736
9223761
7574382
15697342
13557815
7397024
12661503
2804189
15908790
2203532
15774404
3412678
8252843
3157679
693965
3080153
16669584
1197495
15034917
16191705
8100914
5862617
7877871
13914955
8593904
2634974
2316424
3479880
15529288
3984660
14353269
1198187
5877551
7016472
11018917
7065205
551463
8272734
7376194
9896857
8911777
6916019
1223359
7054016
16050649
3015810
14842021
2878728
3746116
1330965
7741938
14080063
11696656
8248869
11359706
4114644
14464237
16298815
10545410
9364049
9461451
6887810
1646038
5941989
4430207
14996624
1484314
4350278
5507587
7593812
15594680
14247750
12108100
13950255
15385827
7701479
9920081
13258519
15107140
7836213
15187169
1674678
1760756
12880616
884044
12756296
10978663
10576348
11021808
16122604
8119498
13841421
12466298
8939882
27067
4977913
7245170
16291598
262993
10272151
13329089
13440942
6991170
10262537
6208106
2130189
14092117
3420912
6416078
7601143
4833442
8708524
183022
1382397
6766036
16375465
68592
10927114
10404861
15111530
8137048
9497894
7805633
9689987
2786365
10580646
12780880
10424138
1164905
12072348
6663566
11463627
6311609
14540482
9990460
15006398
16620873
636306
7392666
14260751
3335024
9931052
12261815
7440959
628438
9101547
16614047
12988353
16254876
14507646
6210869
13820448
3834534
11632794
3553594
15132888
6801723
12350349
15787029
15969043
15656075
13443997
9041987
9406160
682154
2250738
10925194
6618120
15666573
7506761
10580167
14446328
14931829
4964083
11604276
12783252
14995501
340267
10927659
11474042
9296009
6110587
10257784
1362455
3528011
13536903
10401269
11737226
9371806
4672827
314067
5278374
9670954
4041035
8623170
11775779
266939
16289659
6320471
6240933
15178752
8376858
7296407
1937285
13248356
15999742
7892439
11251713
15356321
15264845
2906891
11040593
4400871
8277677
1370268
10669876
8774446
2582920
2635156
8433666
12276413
13763330
13084179
12999394
13812906
14110947
14638443
3165394
10822527
12891757
9932492
8284540
4308007
14147173
9807755
4007390
11655479
13916508
15476607
837348
5119704
3089764
13466417
6671678
8230835
4772289
603352
4435895
6206822
7632783
6929504
6134222
6179379
8425259
178661
11763616
9312809
11485680
5554948
8452760
8034802
8989562
4778574
8780583
7649671
9084000
3450356
15080521
11295686
7519242
130374
6624703
9148688
13608177
4833454
12559106
2752767
14619748
11470550
6210244
11296697
9078013
15958125
6207412
15231967
9368973
7025176
14517068
7675906
15599110
13196975
13435053
10105831
4340069
997225
222428
12232289
4917117
5944911
15916162
9794072
10817487
16210670
16382560
10348017
13677873
8215674
806865
2497397
12411734
7300614
3877804
2277290
15830445
13501063
3206697
3206485
8325068
11312422
8730001
15647654
7891611
7043414
3370842
15120390
11397254
1144536
16770147
13888030
10972646
13120251
15637131
15628021
2630289
12618017
3689601
16664868
14048052
12731391
12405799
7609954
763058
2696132
15089109
4091518
9427780
12418733
10331385
4497577
144303
12859413
8931989
13314070
11533637
16119070
1394056
848858
7138770
14762993
13038988
12615059
8407532
6396268
1129845
5008114
12250028
11120859
14262683
6429372
14401912
6519652
12567268
1260453
1788750
1196484
15975383
15070456
10643686
3338750
6173605
4386213
9663739
11162249
2281857
2454668
1990590
14209534
7768793
12135450
1436121
13157149
8332114
11810967
11833222
5931791
15076452
13840718
31164
3076634
7027349
2497504
12600174
12249432
7856424
11161228
8790697
16151116
15615346
7664606
16173320
3864250
7803109
7613760
8849781
14856535
11556624
2409860
14439864
5832629
5411862
10682886
8244456
10315881
5477246
7092403
12232223
1369703
11353874
14695843
3399429
4084910
16754461
12722453
16553047
7814148
13053351
461455
8971527
5621110
1923885
10997907
6064126
9093580
7376416
11967511
7539446
11533609
6965181
15834216
10132683
15443343
9922965
899250
125552
4795512
1817430
1191189
10472546
14196187
2780052
11894173
6622629
15951239
14427373
3050403
16695235
16743044
8743789
10561583
344029
11922291
2078090
14983648
4460883
10025282
3926992
15584004
4034783
4189305
6501759
14791879
5731635
4100472
6136763
2673853
7781678
4508444
12848421
8283200
15866219
7818572
3462291
10656158
9563163
13872943
8095350
5768819
16178728
1167885
6452099
5686035
16265177
13097397
291854
12693437
9554002
1830722
16228543
16673448
1954196
1174077
15538495
9530489
10388231
5660637
5347781
7241897
10787488
12034010
12356177
7259325
201964
6262756
13065022
14703013
13949030
2646849
3514465
2785802
14824819
13447326
8151492
6797390
4281798
8568685
11747966
5289108
5032793
13473445
384076
12570951
1710639
12882204
3544394
13045120
5945911
11936542
14067733
4719907
7820791
690019
1383796
2311128
13245686
9174184
2213427
4741098
15915815
14732685
10348076
5981758
3963569
11152612
10868432
5625417
13972026
822657
12696868
15518659
14337268
13983022
4293682
14140342
2623903
287765
9791280
2375954
14897065
11662926
6939070
15944157
11176118
14549989
13574398
9510661
5205696
2024335
3814042
12851916
14041992
15553694
4821509
10850064
14128706
7290684
10394405
11877815
9672265
2623098
12685348
2233651
15611549
595652
3530696
6422463
16754094
382964
4169678
3635608
14583888
10129078
15054246
10458740
2963699
6333481
4454198
9063036
10796305
1735008
8148659
687646
638292
4604764
9454990
6515228
677828
7813484
15656068
4615338
3168942
15053622
7162633
607754
2579967
5845539
379782
11003847
6904671
5832732
5608290
13397673
1721828
14234179
8410519
7200901
11714602
11999976
10937536
6481175
2735421
8476335
11095237
911084
13198623
15704092
1923167
15362918
13671867
1025463
11523998
3213616
9689997
14489884
9752992
2550968
13658778
1200781
1578474
15342372
12455484
3016352
5740672
7369929
398321
11846691
12577792
15340511
1187571
1228133
932310
2475413
14506113
932010
9506279
11301350
11944831
16630811
7370337
224875
10021618
14531552
8715198
9156038
1388938
4789764
12861284
15073889
6363629
722706
15798430
1518334
3846805
13578242
7870540
5839140
3164997
11388918
9361866
2944424
9402409
16634957
2789204
7074900
11252108
15989447
12634941
2261390
8549116
5036550
12651681
2569973
1219459
15649519
14352550
1925040
12963472
1697367
6694592
8863360
6251756
12192524
11141634
8977049
3760186
9681816
11252300
3427878
7541307
6239545
6757903
9616366
2498062
13851634
10011093
4949632
4267204
10335616
15764811
13506643
337780
8618682
4970738
14317817
4580711
6577076
1692315
2026016
14882900
8758244
2288289
8116570
633207
15953159
10016230
10160772
1486031
3542129
8550966
3662435
12692456
5881434
14196315
8495919
2654845
915858
3151439
6408354
737828
11648000
5379329
12124879
13367087
6178702
8847631
4393172
5036450
9282218
5174119
6758778
2613357
544191
10213451
3173514
11004992
3396786
1706264
8307175
16604581
15906155
9907469
8217346
4663499
14735970
15637774
11535010
300714
7826932
3849865
4205977
2017884
7761772
8006704
9087393
9662173
14145259
9312149
1563368
1900604
5024653
4499969
9499834
11118026
14471225
11805995
12557904
11184465
2821768
14839119
10409327
13335624
357162
44950
14275501
1881298
3681019
13568636
5120541
10986004
12442465
5582543
5530175
16752037
97594
541980
15415012
14875173
5822102
9679374
12347354
7772681
7086136
576251
1669234
2833999
4742305
6977096
6425969
139819
6528116
5007443
5711702
7491451
6044022
8757583
12321137
4242382
9676309
635401
11663828
15559737
496056
2581664
2829285
9416691
618727
6347113
14380598
15760099
12215614
3636351
14371005
1065968
5158976
13085979
5086597
10064161
7655221
13677939
4375197
15020040
16144125
4024374
9933786
9170968
1271800
9569300
7354197
12227657
7803570
16604610
4239359
14396486
14529988
418980
7143544
13757107
14826759
8851270
7806564
7157197
1429063
9131302
8318949
2538777
1933697
10125167
2659650
14348497
10198344
12410077
1873044
14850419
15464894
2269083
9346252
9914572
6132081
15096098
6661897
7556517
12831762
864496
3366938
4232582
14197348
2301625
3797528
3955854
12178534
14907759
12970016
6245163
8832884
7012296
13612600
14225150
13646366
1283282
9037184
16529069
10476452
8253962
1037468
2142284
8814096
3215943
2105696
13236793
6013672
14342781
14955155
15103843
1119577
14801808
557241
15493221
1859151
6536444
11677755
5728109
1954366
15806071
13631500
14257608
439256
6282946
16056690
4746602
4702344
14506941
13091039
12419477
12749153
13831823
14663860
7331259
14721223
7638999
8992549
10883067
14264979
10411436
1917663
5897468
1095348
2145517
6185072
4626066
11093630
3456883
9448774
10703670
16016079
15759089
2191535
11424139
5093546
4742440
3268297
2905946
10244959
12493917
9804974
3329538
13301562
5533801
15297378
1191364
10822252
5842508
14606339
13459820
9855011
5169883
13832292
2751977
10848892
8393573
3309560
8986449
4020289
2938477
5184899
2405737
10604810
6673406
13739710
9715229
12326624
4893016
9057193
104176
14425327
8542442
134401
16293249
55696
15054463
6450661
4538277
7982903
2018994
5252232
3670159
5076101
7926510
15511108
14582988
12892605
13689903
14092569
15961692
13029933
5741636
14896460
15041722
15420919
1160793
3437777
8615069
16258803
6122793
2264216
11790423
2310332
6472225
9363810
6071208
7436882
6031926
831958
3275011
7901195
2186781
3440742
11391976
6732007
5205257
5111504
4787351
498374
10814980
13631649
144689
2677917
8854589
2470921
1778735
9962761
15577280
14961003
13750470
14949813
7868786
8405987
15936835
11323843
3522789
5241094
8334801
11656144
3638220
12283530
11888085
10166334
5277906
4615186
674228
6011047
4834738
15428417
8045716
11068523
8677912
14204051
5125059
4877600
2011701
6736656
16437267
1357008
15635063
15522283
4880116
15051905
3937281
9946472
12119903
11574744
7250463
8115318
9685562
11099820
9328963
13887474
923177
7507642
6583136
16011922
12206825
8488853
11986953
3188554
12924507
7331386
4540219
2050472
15621836
15113312
2038714
2586787
11139491
11121203
3774691
5466142
5030132
10973050
8939560
15350183
3794684
14137565
14050884
14868973
15360434
1359976
2779143
6196545
6166473
14094292
7257416
6977819
1707063
15849149
11586185
1476967
12087126
4001534
1119452
11144346
4575061
12295249
3414976
7783328
6810631
12701074
9230932
16613362
1755408
2075630
16529449
9338686
5467109
2209157
14186731
10625787
15244474
9097328
13858449
8877302
10857074
16060315
11084545
2890396
11189468
9799286
2609059
11459589
5274068
7450151
16103226
13312839
13051806
8504636
14034181
11696982
1305683
9640847
4222382
11546510
6067012
4396833
16306193
1760819
13622306
527329
9882048
983139
15857988
2038905
2381641
5327073
12397153
11058866
1032065
5236391
15525847
350298
6268558
2001622
5751948
7920488
3309055
16517015
10682932
1265252
3454711
7799939
1098043
15855257
14687779
4073904
12340710
5862140
11413264
3130317
11799076
4573040
3074383
12571262
9320555
13950515
3391635
747266
13623241
14144806
4231421
1418761
10918585
9182856
2722531
6038821
438891
7297831
3412508
1394514
5539051
13373953
12680023
1856246
15397149
15059751
14342707
12313593
3136676
5026055
9464921
16072478
10546988
10975658
3186988
2389389
12316541
6201998
13011
6821204
2527905
8682819
7025365
13284363
5552463
10496600
3914091
5465942
944738
16348005
7200043
13058167
986459
7917858
193553
1090045
11866441
13774698
3025400
7934724
3853115
7023950
9533992
10681410
6025261
5377628
3714522
12114133
9444080
15886229
16050109
6036331
3568094
11763361
7960336
4928409
13961003
4887973
13167338
7408567
10464837
9222091
13261991
16592578
7006620
3926877
4009973
301096
9390180
6070947
9061206
9789982
6981820
4377503
11846253
16556441
10242481
14942677
7079519
3236076
4335245
5251264
497968
5516262
10341026
12904989
2253698
6899917
10214039
2936474
6200245
15051363
2340717
315209
3159589
13881261
11130524
11457689
2958897
8605216
3451010
5404070
8882577
2655946
2759375
12062325
15624760
1554392
4343171
5709204
367124
15706704
11166098
10267266
4559626
5856349
5163481
7730573
4870931
7989841
10763750
8841996
15533911
12460
708438
4321531
10264766
16021962
7865618
8296708
2539822
16412012
6118389
1174716
5013522
10532737
12514586
4567344
13439645
15952414
10144940
9763345
13401197
15851513
7750302
13393245
2619725
4368712
10700910
6271589
3642512
10970220
12242246
6051348
13975146
12264068
10478987
13243386
11725816
7528712
4636425
4429200
13577835
4839578
6611059
13918689
12762027
13959279
9087311
5813992
13301011
8252766
7078334
13240054
10492322
13965875
1407711
9198096
14141692
10724897
8935582
708631
7217408
8212352
11448050
10584114
13214702
13993823
6646518
904275
10867226
2444094
7114430
11541245
92121
10650039
15111890
3978847
10473956
16627665
15040696
15953100
6806428
8950281
13830375
1345269
10357486
1782936
12534876
11240450
11060680
10995559
4183430
8501090
2739783
4993035
210067
11472554
9973351
10264280
11529530
13778861
5767087
7446884
4224608
4753204
1277358
11114475
8714113
1911419
16665107
8184919
13243494
11156375
3058817
8204276
12165096
9304409
9175181
862084
3065143
16767453
6201574
12481045
4501847
9509626
7269614
2869050
1850287
1582142
4836060
257209
15204968
15454222
3280964
2258635
6323194
10604490
6455035
15164347
8486382
4710450
1222612
15161183
3105180
13860780
11843781
6507171
1508743
6120584
6167176
13714885
6543277
16451994
4912671
2494324
3258303
6312906
499231
14248173
1931904
8180585
11325745
15904951
1366539
13596230
14213387
10190775
8450579
6777769
3897079
7036768
6625687
14063658
2381615
7725534
1728115
11104674
87723
2131473
5107315
13745736
11029769
6960613
7461556
5756826
2953479
3246171
7266940
13580028
9688479
162627
2748847
6145122
14131710
12134849
13441714
10766879
12320643
14016245
5249717
4071705
12711524
4930963
3406848
10449472
5662542
13259831
9735072
6106533
10434619
2261637
4703724
12052933
5740549
9627105
8402842
4184021
15511896
16129894
6453836
3505936
10285192
12648750
5808325
4631954
15666454
7675589
11400982
4210417
1218896
9302788
13205745
11899802
8858278
13391121
12703890
6169966
9610427
4905957
10584776
10628133
9183422
1239176
11120835
14622188
12838083
9539903
1989668
9648498
1290023
16110234
6920411
4485516
3380251
1943577
7314282
6939283
4706122
5595698
66204
8787941
4200115
7448882
11646566
2673336
14443994
13953619
7954179
3653249
12189331
14218183
13613384
15037433
6931894
4113864
13623971
13588001
16241037
12592432
1589084
15320089
12528935
7478589
15014805
2317582
14273719
13885176
7005672
1593489
4612194
13733837
16580536
12912067
979858
6334807
4315793
1202026
656315
11197935
2718099
9417386
10480985
6639698
11007696
14240194
4566912
7321436
7468219
967300
7901456
8122748
10383862
722205
6816395
5363428
16454847
13036278
4512490
3011442
4150033
1079251
8530867
2496865
4383909
6495024
9754743
1999165
7212000
13579646
16551550
3786225
4912516
16701528
4001286
370974
8658754
3956366
10626389
1597372
2017525
4481429
11360730
6127865
11500793
12383626
9289944
6067722
10188751
2319093
15033501
14573540
9923365
13138611
1375419
1285728
13746197
1979948
11906486
6923318
16022770
5041238
11897404
13914595
512895
10704257
15234151
6250582
168298
11930
3097639
15179000
11021034
10559927
16133198
9905408
1846346
1437482
11161628
9728851
5063749
12065080
2710226
5402541
3183992
10122321
1261942
10922704
1505312
16771756
9865679
10267343
7795202
4723677
2832456
2873684
6490802
10616721
3816513
16049323
16181957
11596541
13552152
11237909
7654872
6348440
11007524
13722481
4968592
3739048
16706512
13284120
8067955
844189
1789002
7800765
8441020
68933
11275193
14182139
14990349
2602587
13916292
11735652
13146925
11804439
10629621
7854839
476117
8895863
13028273
7039571
13199997
11903984
15788140
16528451
16723385
1958548
15056563
4460756
9087275
876433
2507885
9698563
8939579
7666223
735449
5115472
8635579
11317176
4697676
2586093
11181601
6788688
6264182
14457931
5158765
7164091
5315214
12730371
6684449
12184543
8495081
9244297
3675236
2209955
16741252
6554899
2048458
7698962
9304439
13377890
15948732
5916434
16488217
16131105
857508
9470688
15533023
4272476
5055207
461251
14362404
13289146
11691727
537414
15436991
8227557
14575416
5733016
4209779
522220
15822620
2409413
2695236
12390063
2669826
6121671
7438681
11527940
7964869
15827571
3236792
5984044
13551687
13479926
9624693
846074
7481348
12778348
7919844
12245091
16687167
3782940
5919861
6657440
11591618
11949949
7649134
1253533
12958059
9924879
9436037
13043619
3594912
11582852
6545230
2160457
13527500
14025673
14805462
16166271
7475132
2363736
823503
2813874
7835147
2327221
1510339
8798560
1367444
10634763
11011682
8769778
864750
1204816
14054278
14808881
836525
8734558
8758441
10817258
5095433
15532037
10631363
6255034
3708368
2015580
9680401
9684999
4346167
10169811
10218582
4526246
15476007
3019421
13290095
10724515
8214383
15892484
15585116
12247508
11227283
2882865
4566871
2730929
14093761
4798765
232476
11761510
15406264
12827033
3543952
1884180
15343789
15078455
6691277
9635321
16367610
10360001
5162789
6889841
1879750
6105815
5639024
3822069
10848239
13193088
13739461
14544109
4579288
14190506
2327138
12080894
5929328
9205793
10138988
4990773
10254149
2089721
2084834
12823437
7475248
6375500
6280103
4382390
7755378
8788125
14765082
7438213
12366997
13069606
4304945
3727126
16482224
11597602
6847438
3997165
9976612
15306282
4333291
13576655
404158
11791056
1014972
3460208
8130398
11979907
7964429
11215642
4604065
13705111
2677737
14956058
15781563
56981
4149802
13502080
960404
15764561
2243930
11940049
13403828
7813717
6369902
10118118
15916683
12242727
15830681
16527097
781159
4002933
13172802
9425789
2250955
4516448
2256500
8485920
14270559
16582399
9890656
4852809
13584294
6051835
14851619
15673285
10336777
11986907
4364696
14225677
2870171
8618592
13121094
6645864
7722432
14721094
10833398
10929921
13456699
214460
2376067
3159231
441434
16750842
3975259
1494021
13997853
455239
4676765
15770552
16442831
8994151
12745730
11070144
16414569
5473780
14351051
6343230
12304222
3123804
6030795
2877122
14288556
12135274
6745654
7967932
12852193
6432396
3828941
10266732
9715829
14171184
13776934
3980908
11554031
6607739
8321965
1606014
3333969
3729410
11590880
9703581
4192975
12552026
9261102
13096279
16407538
10007282
2681909
9739276
9075241
14840211
697268
13221343
7349950
9764711
5577782
13648796
11451373
6477212
2801425
12706904
1072358
5042700
8100731
11140775
2971408
7589358
5601452
2075245
11106060
7192409
16166669
601858
9962702
422904
1623827
1674594
12033023
14636020
1984636
15454974
3229899
14225013
16398990
15335710
10320344
6845976
722987
12541062
11242889
14320502
12177123
9489532
15028305
12817596
4570657
8683016
4003906
6357237
16447514
3384535
8119221
5355375
5751381
15020833
4260089
14485961
113895
15193413
4968377
14786917
4448123
4946772
2144142
9201865
1766494
995664
4949600
4240139
3010706
2691952
4077044
10135479
8641391
483782
12944385
10742101
494278
650912
5576694
5637420
16770113
6076790
1687977
203528
1175202
2563199
9287488
11095595
13042475
6006789
223146
5377567
14222094
7817243
16519489
11569043
5061831
2225037
9756055
12464422
6635876
10100748
6333259
719245
12491855
13804594
2036597
13501211
15536080
15992989
15475408
8446
3153499
14796227
12024206
9575841
11623560
9961137
9033817
2877755
11283852
4608174
5083897
4015650
7752025
2870587
15463083
8660422
3694033
4506937
7337126
13300466
597416
3744366
5081495
9658368
3062860
1896742
2660533
6875306
448646
15693277
3012404
10327104
5312436
3636125
14688421
13169338
16126339
605594
7812203
14773719
15664883
4575230
2144593
8805799
12116398
6897414
13129058
2869749
14864813
13721648
14155727
15559007
5568447
9550432
2520220
967287
12777163
14442451
9402061
4643804
16309241
8763151
1737572
16675142
6922323
2466785
75064
10397494
14901618
11183519
11650974
5974687
3795347
10773604
1599612
2139655
14099901
10715968
8188657
1153168
5047427
1818515
8201301
5456009
4905481
16363547
9514300
11672092
9856506
3221724
6448470
8830683
12919047
9629785
14965389
9824807
8570781
71998
8876365
10088070
11994072
2252389
14781753
6615881
14047398
8237815
11111426
3997735
16040923
154920
4577082
10897906
9610341
9035140
3416943
15039174
540871
16715164
12866574
2630701
864457
7384128
3206576
6315714
1435705
15864380
15539817
3124145
14534346
6458936
15897729
16744206
16048897
9521913
820421
7512189
7784846
3436814
4866845
14498529
7318724
640704
12521498
7158261
10895993
8072714
12135212
11601472
16454211
416986
3695731
3030493
549499
7865786
113749
1210752
10188869
12212775
13448938
7468210
5702200
1049004
12413638
4398273
11054398
4286431
3213325
10033733
13609505
4344526
4279196
13413863
7976363
2003033
13156264
13933913
9614314
10338359
6956782
6959177
13130262
15176900
2074644
13096434
13386978
11457487
6881194
3064719
3491134
3291316
9446085
4465215
10869912
9737498
2701945
14203494
8156362
8634497
15066288
15099499
1898952
6734328
14730342
10120829
13582208
14731932
10804302
1923654
4803215
706511
12420227
1225755
13924802
8262900
14674164
7800867
3259208
11085366
12925253
6747163
4528117
282969
16628083
13161936
15890478
8372949
1991654
15884739
14325759
3117575
10548709
209263
2891297
4911540
9433699
9307882
7353587
9954065
1712015
11993606
13601171
276697
4508904
15895571
7993395
2238825
9387656
4232680
1506166
4932129
11378255
7202303
6096665
8424335
6815658
12203286
4369131
15797942
12557361
276148
8725504
4455347
10183218
3945619
10276726
1936974
9935569
10331589
1206291
4680497
2128347
8404419
5076112
7111149
5440091
2194280
2374808
3806086
13194893
14690240
6223331
8858495
12603047
8032172
7868418
3581328
2018822
4348181
16551786
10309248
416453
2725958
1004835
266878
14778876
11272804
4732344
5920176
1213787
5966061
13994465
4418408
13451106
6618226
11460829
14476974
3355737
5031173
7690198
13378094
13213701
6453399
31387
11304560
4013928
2956082
14037607
15194096
13156832
545900
10636673
7758017
7277189
16242054
2541647
1917102
6566570
8474942
1319037
15811984
1926929
4463508
13238849
8448960
12786989
2137171
12097296
12862474
6707830
12585401
3196555
4641802
7588084
10460064
8252918
8028804
10331825
1165493
8976351
10997714
13630714
107705
7880143
8543779
8747802
12738490
14367280
10386729
6837874
5803044
7814305
14383665
3084809
6703409
13347040
5236575
12552730
16416296
15514812
3279393
5429594
10811738
3696466
8990052
7459353
14140107
649384
3087770
2435899
5708826
11206302
13405999
11913541
12085259
10954305
11343386
5129344
4364999
15537811
8395358
7202427
6901189
3009766
12005246
14548134
14224704
6175601
4191398
11546708
4468038
10339862
7632616
4976420
15547930
4250775
13263986
11835929
11808357
6530476
11523899
12864157
14036727
7824876
14133829
553228
2953830
7975988
16560333
3393069
1456281
15942915
4519318
12935134
14018731
7259219
9679811
3351437
4545623
8465419
255179
4225667
8223596
16199390
3613385
7741060
13893410
5376087
1419328
15886452
11975381
9791912
3763844
5393123
1024992
9500723
10489719
8119701
1601305
16189434
590599
5304346
6107059
777970
15142466
9931762
14049792
16136612
16153697
12549383
10394379
1854052
4727932
7081514
15334148
1347584
3097885
13969138
9389369
427443
7877653
1529617
3407810
14271559
11728651
2929656
6726972
4625745
13774524
14145703
6987697
15874228
5310573
15510218
6105918
5704674
3713805
202536
4319833
11620399
13638263
2948101
10096867
8405277
6032810
15226535
15491306
6787383
6498964
4056111
14610934
11086515
5485191
9062407
12020290
2662410
9089681
9735635
6782544
629560
1184426
7763334
11315887
3392866
10938669
13100529
7658128
3195797
82712
13743926
13818734
8895559
11125502
12815177
5563473
13103902
428441
13518144
11501301
1752944
14468384
7149433
10409296
14509586
9591479
4530900
13261574
8632136
15092670
8246311
14975016
6037581
75335
6475185
1358811
15048374
14977918
12114926
15647242
6297857
6170567
5650191
3627929
2311185
14341764
2285223
937167
15261157
3147273
11213250
13069670
359995
9207412
10172244
7401139
8855410
507143
9318898
8502543
3818773
1871748
13921801
495664
10731278
11984516
9827162
10880812
10411220
9916320
811589
14147302
14347265
2860446
13745988
11820637
1379455
976482
5799569
11750778
12141541
14909137
5579553
14456015
12238057
3678435
15756769
8437170
6602173
11359199
13471628
5066050
2517902
12111533
6184460
2152527
15567676
12351592
307017
8307261
4744531
10934978
15775082
8950205
2176906
9343022
12565722
14004332
15723827
3359839
2228342
1673871
14227268
4628733
1089249
13947409
14790634
12218562
1555264
2836770
3755126
10537400
15745992
9681045
3588996
4394284
4824728
919825
13211872
5211350
8532521
12740956
3729555
1484641
6899772
14754507
11833834
184995
3124229
1118996
9765705
13575493
3743225
8338296
10988532
9777512
6179597
12559000
5432444
14091021
12161104
6139570
14073567
14656655
10273086
3632024
2649785
6625670
2899815
10587794
9197851
9334717
6412245
8170786
11361093
9178511
12554076
6116485
7541205
7668241
4356733
1428991
15305818
6152285
10174419
16307575
8926380
7853009
10034179
9719938
14605549
9065117
5006707
6077734
13933386
5637796
14540076
3262560
7591897
1532028
657839
16630078
4325804
5428107
7616448
6637879
13332413
8869807
8969360
13911142
10662116
13649320
15537081
10470877
1462471
11751292
5049683
9934635
5579056
14924636
10072658
8422062
11578473
5873620
13422221
12830967
9729136
4692558
4198932
12318070
5480664
13395270
1359308
2822688
9420551
3489982
12063007
3474144
14993614
11160232
2015389
15217686
10975498
13493964
7277485
8195482
2472356
5694483
7010400
2479184
2734600
6629876
5162169
2417858
5008935
10340243
10349383
11488982
7820426
6918642
15529550
5449663
15158263
14568910
16303775
5306842
13757616
5253567
6686451
3343518
4832696
5880765
16226969
11546264
13202959
16349063
7462975
498727
2861282
11962752
110764
7843250
7895818
15122256
12872557
1119710
11810635
3885367
2389821
14104818
6917177
16033174
2011878
6391354
8300194
8114012
1372397
13367809
7611157
16744162
11652911
1861836
7625171
8613360
3857597
2267859
13044427
9707907
13915377
10778297
1554476
16751959
11491752
8342592
122230
5061767
12302120
14473999
11329585
5269460
5485879
1100870
4314940
8733003
5552900
6175922
14247640
5390403
14777916
14364299
12286736
3059904
4004647
9451262
3410930
9805817
14301384
4015739
10245302
1069164
16748358
6273733
16676096
16740304
1502015
12531216
5372687
12883396
3643565
10700066
14080075
13854040
8272662
7254740
14843642
6430283
5004875
15749545
7244392
5638272
13142972
10098948
12268024
4071652
2211828
10263071
7098601
10149026
5901557
10165655
9397909
4996157
1647663
7780002
8694707
15074448
335277
13579480
6852768
3226927
1303788
2687510
3589863
6415434
14378058
7708034
12987174
3921295
3869881
371443
251523
1171217
3893084
14697086
3865619
7062837
6016316
632052
10813373
10772322
12899349
2414428
7706032
9543689
11083905
3283415
6839433
7888966
12127803
10974494
12693193
119946
7983870
1446471
2210019
12381044
1529271
15675011
13632825
14157411
10558723
13377508
15367129
16367766
14093102
14311417
1576572
5859454
16699662
498762
10378882
1118882
8979437
6841787
10849776
622335
4902
11221986
8252502
15908846
16642611
161448
16411882
9850401
3361178
5819930
4151123
7528464
3830225
5139509
1848063
2583467
15520048
15150749
7117565
15922951
3827385
10962980
1878709
11666872
15577855
12382964
9054123
8295542
5881038
3343829
4832533
1068498
15346156
11021338
547196
4247076
15809359
7807386
2293551
10793638
11353103
16187324
9853358
3848526
15205431
15212565
3373568
7467949
7479581
9758190
7866255
13382492
2065579
12176761
1323113
5955051
6513442
7836710
6772855
1203665
5635586
9003653
12205573
2450766
4932077
9935640
12130275
7478326
9814780
13727266
1178736
3675443
4994866
11264386
14590287
2969488
5651492
13154934
7605626
15531586
7550324
12931084
3197114
11391382
16273831
1998658
14281597
6013403
13710051
4910103
16150711
13466563
5754968
12227539
13314931
1149890
12331761
15956036
11183437
13012983
5926016
13162401
13440890
8442911
3149983
7289889
13259075
10361788
800761
657075
1595175
2445021
4538591
4823398
12850206
14926960
16552032
5794629
9506185
5101281
2226489
12584367
10048249
8296978
12657652
12279230
1908686
11657470
4988174
6311572
3926429
11362519
10357218
5281805
10698134
15935131
13470442
8329284
1111578
14622645
12556537
9063444
2851784
5659556
3961006
7131580
14868371
784121
15973688
6352683
15711778
7542337
2882405
9817259
4256863
8029814
2938740
4893743
5388603
3831050
9321707
12057360
6719090
5006657
6061467
16585471
11152714
8735063
2372581
1497863
6856259
15044869
2739434
13884051
15848986
11945717
594027
5942803
13047536
14500050
5526120
4089773
6271898
1903560
16047004
10395719
13330778
3514312
15139194
2640821
3399345
12082308
10639877
312555
9269215
6906869
6911584
10118956
3039314
14567769
10804631
10299783
2844509
6600324
15254887
1364224
14014596
7562385
15557299
7145516
2025558
15129522
8923280
5016624
12256736
14980761
1209333
3700646
8015710
7910547
359166
8850822
1628223
11625925
4143239
5928553
5781449
10654598
11100902
292590
13645434
818462
14164279
890784
11902331
16157524
15786793
14633565
15033754
10731565
2194244
14518616
15287582
2285101
6749515
6409297
16564397
13600492
16155858
10910117
6226874
16169581
7256610
14064187
2574715
15961574
884425
14051556
12012737
7151312
1783530
1102973
14252500
3927907
3888055
7826090
13086467
11541605
10934326
7142165
15461101
169260
10464040
14972175
10570283
12787704
8091354
4962936
43242
10901361
9357888
2347263
4173011
14569383
12267002
6661734
9150114
14622962
14655430
7551024
595567
11195863
5125831
12148293
7316101
1355303
4426101
5398250
2124723
7443196
7932314
2056162
1209929
8574182
12984386
4248064
1963217
16062606
3760018
16048294
1808180
15068263
7759763
14986602
11647119
13886891
2841016
9033588
10116343
16071390
10512204
14459707
14099714
15404769
2003066
11555819
4948017
2548007
14718090
2213190
2464749
15968094
4769465
3228464
8003978
16729353
4006925
9518044
8482748
6755973
1765995
14157372
9485476
3110000
3855346
13172864
4566266
5259359
11505316
3947505
13779669
14290312
7065981
16099662
13922597
1933188
5339129
587688
7694616
12521141
3352873
5106386
10177119
12560111
15460284
10422021
7419519
13245523
4865541
15536890
16373244
10147357
645921
4430242
5140716
6105990
9421358
4747382
4911891
14326512
13212052
10358231
5503089
6583859
4415590
6917650
13185193
8176626
2627959
2636856
4032798
10084503
7558335
11218509
4145917
6093420
7422214
9304071
3501220
9091395
11384844
15852872
9271357
7917066
1468527
2567017
15159107
14571310
2718472
7117233
7804250
3521962
11306710
1618395
1488055
9686195
2366025
1614257
6180320
10135551
392443
11327643
10935645
1200353
285164
13316469
8574576
5426391
6239044
14106561
4581889
16718323
10998719
11506203
1146567
2206827
5903275
7043309
6255597
9910563
14439401
14483113
6780197
10402107
8222921
8173430
7476684
3134122
6097912
3069803
2253607
6994114
780817
16343070
119843
7239577
1199218
638221
10357847
5627647
691865
4766056
16664549
12924591
16720265
1317002
7531603
16292350
10942895
10526030
14166552
5955830
13365785
13914353
480843
82538
16458199
2509539
13397038
11153616
4961533
13891273
167786
6148580
10791094
2163273
8714887
9304262
16637632
3127519
10671905
10848046
3504590
15351820
8842041
15806995
6293628
1850576
3554932
5815270
16509960
2011662
14019730
11737503
4261520
14056198
8204753
3804494
12640046
3077668
8550275
14176123
7420800
4876270
6557171
2295429
103435
12442939
12197374
4541384
9499020
13012451
11896192
3303919
7129190
7397229
1725199
7522782
10695559
3082827
5865966
6491448
3915456
2115860
4084768
4081290
5152815
7705055
3514488
16745870
15005365
439758
10808524
13562802
3302649
2274786
9485094
8706324
5983946
14876646
5472069
1546115
10754815
4764170
14300184
14518661
14568613
4066867
7984540
6066589
13892918
8290466
7555712
5418008
5134330
14700329
15562547
14863294
7879619
3208572
9129182
10627596
862993
12204576
12529068
439597
8795393
7493116
1854735
208561
11413719
6594826
5201648
15045003
8405551
13761395
15997453
6669988
3374235
4688023
10951035
12939968
3244127
2922950
5945802
12444741
11726145
15642010
14417058
16762603
13320548
4207297
1898023
11372397
11880855
3056719
51363
668839
2058461
1338350
9872461
39583
2777973
8316151
12361355
1914666
14105088
441790
2138667
2101320
11412080
11175193
10907684
1701071
10920965
12673380
16578177
684047
10740293
8546505
2538844
14775318
1202657
2927694
8001788
8267273
15771690
4031804
3282379
4976963
718603
9225559
8844618
14770792
10232924
5173999
15458193
12360037
1203381
6837323
7433015
16005244
3961895
15893990
2090999
15686238
8967870
338731
3054149
796064
12991534
1062514
15115038
3860878
4655160
7079513
15289275
7562761
12677045
3457036
10068141
3438356
7053904
14065842
13043746
14458409
3080272
13018211
12047416
3688308
15693294
2311892
13148571
9067163
168255
2379305
404193
6813008
11325088
14226136
1996133
4371542
13378724
7422970
15538666
13400442
13810507
16126389
12304562
6761506
10089824
3192442
6232396
12179947
16756613
7521251
2659990
57585
16768879
1866650
1415057
12320286
3664056
2175008
13955145
8729741
10319819
4011922
8545327
6919525
13792929
14262612
15970227
823446
5993637
13048573
12113872
16618589
12379673
6932225
11984082
12952152
6130091
2619848
2032929
5426948
15790110
5892161
11977060
993272
9637870
7862567
14597399
7882551
5939240
9449923
10710436
7443426
6807529
7154193
13034425
9147613
10514664
14883847
15606407
1108414
8486081
10053503
14429136
14646273
8039794
11982624
3631157
2249704
4437509
4519965
753391
7668335
11749180
16614469
5173784
13296788
783340
3480815
1182202
12706954
2055009
2668945
3387154
14725692
2567601
11645395
751830
12461350
10382377
9450533
7834781
8526685
3007121
5739032
878054
7214979
14602457
13794783
11002583
16454488
16223510
7473338
14801067
13615746
6868590
4083056
7053532
7614345
2415875
14215312
8622015
3747842
2685534
2433762
7076099
16672163
9103051
9925696
5769028
6392408
13011157
10486436
2010399
6729872
14965456
10433522
1477151
3274165
13259551
16060438
9543479
12442031
9254861
8560134
1786866
4108565
6128079
6171584
3505278
5805562
8340079
5588295
15321827
1099649
5390810
16301253
7774755
586174
6542540
14593918
2467807
14695323
16239701
5922933
225642
8850432
16706102
1462725
7821168
15864362
9231268
9431364
9554282
7442526
5531050
7205369
14864946
7728499
15008992
429943
15614646
8013576
12671647
16388312
2248622
7802296
2956458
1882006
13523025
11237484
11076863
14686354
3758554
10064484
3471373
2432852
4346014
2950453
4367400
1329726
12935372
11887956
8519348
5201168
9670121
1695870
10569530
10963586
16616430
11412325
16106931
11210555
5715334
10411853
6739399
1047493
8190971
11114624
12499944
4146839
15396156
14586767
5655310
944886
13022525
10819231
14369812
6933472
4315208
8614824
7695907
14255994
16760408
5298122
1080829
1596415
12954986
14425024
9917768
11395816
13791247
15380925
8279815
6201492
14061902
13214880
2460456
16497575
6551114
2061011
3354406
13357173
7688228
2564252
1629496
14540206
7219677
16250915
11700298
7843044
4944118
10787108
6695440
6692260
4379091
11487481
254377
3325599
4303852
3334428
14020219
10845909
1531692
6322709
14777047
10720369
3619448
14071001
15700591
11709823
8025469
8993785
15875761
7030995
15300593
6608851
11197605
10801213
10794378
10524577
13849065
14564463
14430891
15850943
3343084
12814581
8956353
4108719
14922332
10989959
15994537
14921274
1032072
5981528
6433577
15121489
12945667
908065
5385593
1887727
10969098
5784276
8991473
1952461
10169416
15727687
7834322
15663228
12547538
7228586
7464466
11458184
15305569
9454229
203583
501054
10463534
9468787
8970416
11108703
14413517
10731320
14068637
5094081
7501807
9963672
6600738
9419866
4153653
5221174
15232198
13433555
14434500
13265198
2745185
16516086
13089212
13141509
13071233
14967778
11119141
16585302
10086028
15675136
11698528
2769803
12796937
8102942
15041778
15728332
14656093
2631872
11566596
4030894
9853745
1626011
289058
12636517
1701886
12383461
1679754
1993006
8017982
9104257
15922177
5061565
10884715
14926411
10453730
16067363
14687729
6791067
12868687
15814062
7419360
4708489
1034635
5610305
6096690
14347972
8821488
5102018
9889445
246840
14780504
12044721
7521115
11404912
11942189
10811803
8856823
2719011
5880392
9727249
1318621
15761582
10016120
13343056
10233877
7213413
3707517
13372776
2526480
11593158
1279718
4159468
11858241
2877347
12737474
7645817
8691019
16851
1697673
14717609
12376887
16435166
3541040
11152450
189927
13392275
7714302
1768445
3514106
632066
7575724
2730325
2516654
4327881
6553234
2661458
9222968
6736790
5894483
9484386
8200715
9663289
9059774
16773195
11177099
10186136
13488599
12510046
12473801
555683
7221569
172147
4724957
1376267
14075517
6536477
5258195
1993893
8090445
2582188
527929
16476659
12173580
8664740
10134258
7608622
3976238
8461874
10051466
9324032
252368
9340260
6216664
10617782
7449817
6112100
5053543
15066056
6709931
12535611
9268911
15947027
3769016
1113970
12301460
16422371
13588146
13569382
11774754
1102469
11104698
9938837
12477227
4824330
5549832
8340842
10870900
4674685
11469307
5522033
13507871
14832466
4721163
4753918
7483585
5689896
10176334
5999730
741893
4540663
5090128
10901410
4680339
4875990
11656787
5161222
11230303
11400324
10496084
1319589
14705026
10731638
1851790
8557567
507174
1557732
786205
13491341
13071480
14098080
4849053
10228126
12944467
5942299
6299889
12107217
1438879
10689904
5842274
13482545
6206734
5908090
3459272
5217670
14438282
8301582
420646
13917013
1414739
3820468
9235591
14743590
7736571
16708521
14289788
8906568
4744033
13681053
1777983
13404164
6798207
15346766
5917296
3447712
10617993
6875312
5580835
7253618
16334013
10562080
8442340
8980250
2265297
13813206
14240389
4910441
15517081
8603292
6756473
7716104
1020714
6686995
2346945
4193424
3463792
4405618
1092438
7983604
5808254
3936838
7769395
13756112
5339329
12584093
1480936
15419807
3323224
4614727
6932585
4728128
12287367
5762120
9471534
16048942
14035462
5618658
13724167
1953876
5217938
15771314
1976716
214154
13110723
5433
2614695
9914559
7479187
8650390
1289009
125748
16344802
2237350
11134861
2045254
14391522
13316600
3689217
14778826
11949440
8317549
6883079
10698193
14494094
16130396
3097497
1881249
5416926
4359493
10415116
2887870
5912734
12400781
6192182
6124969
16078721
14849113
16344746
8840499
11201800
12225599
5288172
5689347
7578187
11846918
10554640
153343
4909818
637277
934706
1648826
11704253
7786747
16082547
12065053
7414627
14326945
8243846
13113793
8810463
11206859
10833995
10202626
10449453
13519615
14338446
14240264
16114983
10707329
10242225
9340121
4281557
8656490
11224979
6531064
13433785
2066213
16656507
15326178
862208
10514138
3318782
14599390
14305701
13232243
6961695
16446244
5963101
16737510
8113369
2849410
3179288
16464005
2737062
13013809
16004442
14456409
14093337
13164799
14433524
8340711
12852307
10124435
16328706
3864702
14534268
759565
3952592
3546803
9628541
2800267
3405167
636681
9554224
8903079
3443551
5054475
2455730
14308727
11860519
13678097
6517429
2793059
15896271
14313505
12196770
5339054
8240675
7002602
14109516
2385909
15371256
9511049
4125977
10638090
11918904
6730135
12138291
15362961
6592751
12646484
7024347
1176850
164049
12151790
14264396
13720478
5052283
3611777
1464722
2336977
7114799
13853501
12408074
13404411
10739824
2339118
13963158
9105949
12248146
11512409
7719336
1344902
120220
6341973
7913145
6158045
15343183
4840780
12583944
11361978
12479876
1157736
12530878
2280564
4781732
4142975
3908320
14973540
5488046
1932129
8479840
1876390
3063177
8448217
103528
3442497
13805414
3135273
7682190
1201104
3021473
9979884
121784
7948922
6097958
14987422
1753953
13977429
15310252
6319517
6575694
4706147
4496428
4091473
15123394
12060535
10846849
12742994
11559256
9871747
13765557
11863404
12644659
10959539
15595152
1479084
14293978
2039570
7200834
16363427
14219354
10246717
12538917
5603247
15811181
10474981
13905377
9364561
4871459
1667095
14272020
3432520
14205983
6940652
2727924
10135173
7180011
12587773
16417175
9453302
6948136
6235363
6984436
3346935
5521266
13758713
8548526
2396750
14789829
8563033
5066622
16409133
1575070
4168168
7904002
3655852
13628964
10328624
6385812
6004422
6516241
15050370
2923300
15391207
4904300
16634233
10612716
7253353
13073833
16639719
13984617
3658184
2386804
12555429
11838
3926172
8815703
11063190
4704076
11618459
10039754
12407000
9255764
2355893
3853762
7641651
6843898
2020320
7147931
12976752
2665376
8706157
12927246
13636217
13671314
4782462
15136022
1887149
11647590
16204056
913463
6886788
2282617
8850207
13262878
10531583
9505511
13406453
8813370
256063
3104450
14215186
132748
6237444
8626297
1553732
2312043
13100297
16233838
2293876
11127752
8643960
5641785
10208090
1976894
2236063
14277967
13505017
14140891
14011722
11155515
12534010
7050286
11015601
13229593
12737656
5803838
6861279
6216522
6819837
8597469
14778094
7339493
15026700
12198353
1821041
456478
9016305
7126728
11238868
5876379
9630858
10265488
16428555
4944010
4911782
7336474
6409254
6453843
3218250
8678288
313866
13388743
3080249
2986136
16643082
10288736
9042201
1084964
3017380
9778366
3428295
10161390
9270706
6303913
4116999
356944
11521445
5509662
6672368
4940617
16293499
1634481
2586939
7671682
6622275
9856031
15919210
33047
3281565
16054870
4222207
10309785
14733513
16344718
8136374
7348615
8872309
5786461
16283455
2261081
7874908
5165920
10667791
4916965
6759056
15904518
3817376
5255593
5940408
12288759
4184861
14677772
3837158
13737621
9756408
9311739
8010657
11010644
14071790
994016
13017479
6123026
14696865
714167
2903967
9493986
12103335
13822027
9746803
5152706
2319942
14632151
14938210
1481884
666508
15865379
5324349
11520741
2075135
140580
3339856
2731730
2669294
12244889
12570394
1421782
7054172
10849968
3588344
11782799
6258580
12572153
8776463
5070527
11002708
8619187
16320197
1169586
3539204
7406538
3852472
15930954
9238601
12781497
7533696
9415632
4959384
10477600
15799834
3790131
5424291
3940056
2567564
971271
15687097
8896462
3468967
2663983
7224208
796467
14472223
9335586
13283537
1643918
13131746
9873652
3205607
11641210
11643240
1919610
2107605
6454418
7989318
5426156
3640385
4410845
11666943
1364085
3131165
15740453
5803568
4849551
12853514
6755355
4675509
15664757
10853886
14792179
12162193
16014145
6287248
8683333
1334076
15406745
9392292
15912391
973552
7381660
6097780
6624190
5724281
10698085
11447518
10313827
10766696
3727553
16306703
10886018
1433699
776667
15731494
9663450
16026503
10975435
15925463
12864781
2533122
8668572
1933019
14071114
14610671
14316906
5456730
13571991
14393411
11102299
86381
10401966
15608453
9621165
872190
12520658
14601414
7868418
13059360
8000882
5820705
14657086
8205525
10366915
8428413
12620271
1433282
9631741
16609250
15082842
2376140
10105521
15284806
2751919
630251
12767179
10215693
3372253
1289398
2956258
14061402
11707692
3239418
10684868
11837691
12664266
1038863
13994753
15354913
12728365
14046901
7168554
11603642
6085336
5278902
12844403
13766285
1120468
9222851
1524361
10558716
6638116
8284224
1603664
2119493
1367696
10667858
10853295
16639548
6510526
16006909
2730783
936107
11276941
12479639
10278209
9090418
9874789
7446102
10479649
8243315
5627283
9942181
2911753
8000315
10325082
382052
1012722
16148243
2480298
7403650
16113397
3469731
2651609
5184367
14817701
2245478
1893962
7883912
489757
2563849
15636748
4534352
9374366
15713076
6178939
16655877
10639084
8049757
9158246
4944386
11634541
1194140
9616164
16108340
14219513
5564190
158603
16262387
11599904
11595605
15883374
1181371
10394561
11911150
9326786
9516783
9895965
10627597
11945278
11153033
6270700
700753
15007648
14440348
9139788
16657241
13195235
10370279
6050048
9267125
15217471
7341739
12993193
7550052
14594878
6035380
7833956
8109454
1669422
9360485
14424590
269578
3394634
13225439
6621047
9919777
16246553
1154864
7257937
7605275
14660806
8087949
2147311
8155731
3639705
2390998
16391208
2619769
10493080
15730734
5104421
2552626
16271590
14206207
3916487
1686848
633175
7415107
13222416
6066358
3579161
16169008
2270020
658670
10942633
14338001
4169977
15906164
1868346
12737588
12555042
8951931
11220646
2583599
1274413
7083231
7517266
10175277
5025842
14032490
14237303
14378346
10705271
12600785
1895872
1789565
8817815
6154962
15385016
465754
5812730
6811464
16275412
3012820
2375174
742316
12926154
11639127
14066688
614104
12725979
16388219
1050758
12041195
8027044
12617095
689875
9851854
3245005
7242968
10717636
10208525
173940
11883357
12283664
3871788
14419630
5180048
7619568
13271774
8088692
13351837
14822363
4221732
12646897
8474334
9720901
16129153
1724142
10045405
12692933
9293784
6181255
1457256
2107809
10321432
16516737
15956614
9420120
15638400
6851633
1868619
5166987
3607252
13803707
15323479
12528303
16199206
16448498
5942365
7654831
9474845
3311386
451
2196861
132515
8498511
4458342
4126694
1464098
11796542
13261061
1068398
10591047
15725225
15952866
3351531
7804522
10448294
8803094
521690
15320097
4717742
5841402
1723434
13686441
5152748
4978781
7367393
9012450
5768865
14607386
355802
11533422
11624761
15715693
5170833
3639485
7723474
8826606
11846223
13620592
6820240
11879599
1319422
8452310
15936583
7728663
9886456
13593979
2685527
1604289
5685109
4429167
11871731
13006826
4028940
8185084
7255461
4504686
3829254
5715353
7316986
2253446
13323423
8302478
1796464
12001372
1055321
15344628
3435631
13714306
8922572
9566041
13942172
6176957
8831704
4052701
10341164
3483114
1138452
5614132
5873589
14790422
716629
15763179
790694
7719310
15791635
5709836
7805355
6214506
15783553
6685338
10999919
6465675
16064524
6106442
5019081
12578723
7305705
4730981
9812127
7892877
494115
5023168
12877341
240590
13668282
14268404
1418426
4788982
9542576
4657541
13220827
15548386
8987476
16476499
2101833
2561517
485294
16320225
5154129
9534993
5615501
14180801
228069
9248806
13188340
9359132
15041227
16082662
12438906
11428534
5851880
8130691
16496350
11936059
646148
3206562
11327566
4461940
13767986
3878251
16236154
10628472
13764159
11734059
5566293
10741982
11175501
4939656
10944048
8142269
735113
9420493
7007318
8791753
10753348
15465102
15667182
3292640
15557864
6077018
11751350
13449429
1819100
16010989
4694699
13226803
18954
3720505
7739034
12786036
3408870
224246
1488585
4414740
2612682
10209780
10420626
15914538
9353609
12391732
8217808
6189760
8589625
2914577
1428961
4304803
8722257
8862926
16769824
7583467
11176822
15015199
16262728
283828
8097797
12103601
8439540
16204612
10855360
3515496
2347037
7519493
7901283
6025045
7517532
12223583
13421088
795576
4058383
10388674
6501655
7896653
4072095
4928686
12231681
4764611
13759778
5516285
11370670
16740568
13006289
16077860
14436982
12726948
10300710
9668577
14316165
1748778
16415885
16215624
15182102
9337250
9587456
12026569
8267646
15577521
1308297
10201667
14404973
2948013
14715507
15428171
5724621
8782990
682888
12504486
7982048
9957348
7221807
16158276
2150736
11295336
2493216
3518971
15723809
3031207
5157789
11167113
180823
8259566
4954985
6318656
525021
4357003
3846658
7261227
3044222
16080233
13317615
5041896
14656044
11471169
15142751
8606333
9389535
15147094
13871202
6478624
15790587
8259189
10036612
4861471
15593221
1852979
12154118
1874976
6266140
125762
14954444
9143845
4377180
4110350
7931844
12695449
6909097
15158139
5329749
7759701
13446872
1189235
15354471
12550294
2232034
7719400
2543410
5986760
9488341
13413873
2253203
312490
10339942
2929245
5456043
1730720
16698097
5492322
15089956
4895429
14892168
13987025
15946079
1171045
1983536
14047652
12286441
5557573
9325991
4607165
10655252
6375558
4778942
459500
2659407
15408174
15841907
5536824
2000480
7465404
14272314
7885887
7918674
9192326
9915607
4158202
16436796
5282043
13381683
14821808
2051975
11058125
16671604
3614183
8696232
9688329
2619488
4326448
8006115
9645496
3834294
3590715
4452255
12400205
838088
13398905
6804545
5366679
12599821
15937281
2614137
6315188
8502904
3338308
9992266
2715639
7331775
1646226
3304588
14914352
7650704
7552848
6623035
3882287
10164992
1929341
14943504
5193562
6941477
3707066
5646072
10166728
4213541
10497984
1971072
7317541
16334864
12524717
7599101
13112402
3729133
4377437
14186574
2061648
5632527
11569066
52615
12302776
9733392
8229005
9994173
5097600
15230048
14602523
13231897
6823435
6297877
2575441
6905154
13757102
10127196
11126833
11961909
12331190
5147527
9555901
14279723
14383043
16760628
7428364
13832933
2344505
1471297
13879033
15592485
15349930
7330386
5510
10078878
6388647
12380635
10444340
8804561
14409707
12611203
9421952
6150654
7098685
15896806
15333130
2023284
336823
5343468
2609563
12415990
7436857
11337690
5694027
7531343
12775527
10699335
11737691
15350661
4478232
16669801
5664156
6084389
10822220
14115427
9730213
9536548
12578782
7628136
15868845
3100903
14020700
4777510
2765679
571132
8723017
7905743
7775837
11130819
15695085
14598704
6113544
5305814
14377210
2599675
15104681
11343331
16437470
5307560
14808132
118288
5308644
10423984
13071142
16677237
11423729
2422214
6803942
14941821
2697459
11221833
7969622
1282882
13313859
10828914
16312167
4984039
7293921
135435
3857773
6017841
8274776
3039474
5197165
13310361
10401360
9873738
2419714
8445431
14972491
1557471
5023261
14523785
7045420
2810560
15958107
15346208
2667797
11322155
4303565
14424628
435515
6701925
403183
4095894
4788589
6925309
16085713
6065515
71957
4462724
16115783
4553416
10442884
3333694
4198137
2498043
549559
2523392
13827698
5495067
15956786
8439352
1639059
10749264
6826654
4823043
6917288
10053973
4348286
7843601
1192630
10440698
15156933
5494627
356494
7946815
11156919
13893669
6588614
16298535
10953939
10829276
16705165
11899761
13162142
15958821
16000996
3285998
8718411
8607176
7392342
11170368
15043448
6234186
11641681
1213048
2879291
16150172
13655264
10808504
10672164
2085345
89846
2250450
5406297
5414580
6820830
7337261
14261633
7249263
7955510
4148333
5810244
6563168
11620155
14414634
13903373
4135528
7147165
15194103
13846134
14379741
1179482
15795544
11699786
10367277
14299948
16481899
847600
15580137
10584986
15070253
10791358
11540754
8469203
6060999
349892
8800616
4422960
14023090
3308760
13047074
16310072
10497707
1214330
5676062
14167166
5741517
5402543
2872351
11314579
15397873
1568346
9029214
11942981
6391716
156266
8650565
12531241
1869097
11954589
15240721
1694136
4549393
10685265
16529377
7368069
10249775
13827575
16026632
14544516
7975504
2393493
7325147
16365394
4173822
14323724
3532631
13151461
6992414
10326770
5641553
9008470
15030123
2961439
9418952
135498
12122028
13191261
821577
4223287
40387
13559136
6314134
2635291
3339475
6425081
2410119
11735560
12388723
4467953
15496465
3818720
3893632
5837914
3647062
11320243
8197415
14256132
2501346
10027908
5849854
2202906
6846859
9309434
8329873
3603865
16711932
7709181
12042348
11134747
6436285
5206433
10718622
14971852
15686809
15474458
363709
16586641
13224723
13701808
10087785
14266624
791114
6804306
12148284
6059763
4530155
9021706
4199519
1246770
10832289
5864811
704597
3820485
1841977
6500553
2999136
13929552
14856821
3296310
1031897
13681552
1567467
1005575
1525017
5390686
15461770
12339388
1804331
10244901
3362295
14210825
2757435
16498587
11739601
6682793
5235788
14746063
14980243
10484117
12797090
12634006
9389237
13621879
15910740
14359191
10514928
9895471
8350996
12841829
16683874
12047766
10281943
6980734
10542628
5340530
16447254
14621609
7296607
3190124
2215383
13776382
11957059
14220118
7438116
2295977
12208581
10821611
11246745
9086040
5338991
8339933
11000318
8956061
6739610
14775470
4335410
7283003
2501746
2178399
5470306
517270
3626852
7059262
1750411
8386095
16415624
943012
6614127
13977447
15888999
3740048
4613715
6535398
7821284
14050880
2002447
12819172
14328204
13834666
10593358
14568978
13798894
3488386
3895129
3557253
8715414
3729984
9500304
2889462
14397410
11000425
12855823
11216590
4920683
7270537
1296491
352217
6452918
4301008
7240078
794012
8595820
14065027
15753567
14990620
506237
8248261
8179487
4968481
11816821
13986335
9386826
14802412
11243700
15709035
12341626
1984570
8062524
6237196
1858265
3483853
13734077
4195932
12299247
6803878
12558441
13696543
14835913
12455226
12967690
7617552
16682478
13794633
11764930
7768164
871893
743956
12146029
10131165
14927875
4757567
6422542
12302185
408732
539998
15925597
2583087
4948187
5572129
11300939
12198457
15025569
2855655
11578445
16282811
6665145
5032287
16566593
7415597
520786
3588511
5743418
80083
4566693
15530411
15440573
9310998
9298931
15736075
12261983
16506508
13583981
12068700
4624907
3820166
2117304
14762208
3752810
3101942
6213144
586958
11007712
4244889
2527359
3233574
9703081
14573402
14491280
10836554
14851001
12243676
5430802
8197234
5214742
1130537
6501451
4534971
255111
3244466
9637094
2942275
9482155
1501409
472380
1846429
721227
9719880
7848225
182206
9760108
15617901
16588254
2637638
5040460
13730867
13560796
3086886
12426642
4361842
3691582
3531368
7339655
9351103
15374320
16559859
8117179
2942615
15913914
14842201
10654115
7296492
15181779
7397206
14539689
10469766
83848
13833367
15576747
9135750
1842707
1158389
12500630
11897952
16127754
16542782
10790252
15320033
14784702
16280728
6713389
1679732
16389984
13975789
14053608
2319689
7265148
12202193
7270296
2405523
10995886
3673880
5863315
10637006
8665731
8550675
7109383
9520039
7345453
5080979
4253606
14818890
7538136
1680456
2227116
1010485
12949685
6707603
4060714
6233798
4186707
7883413
3259723
13826548
5078368
2430521
15366439
6112219
3524585
3605901
12908799
10183547
2062656
2855426
145722
11175688
8166262
14509567
15349551
9212088
5291804
357241
75036
4017051
1425395
2982652
5887331
12131942
16618082
7560826
3442727
2179709
7086726
359573
221094
12022745
1983066
15218175
13024855
5650423
16741809
11166707
9760799
14244595
5927212
6858813
12452992
15708253
11434076
1040666
15297439
14040505
6744351
14756622
11157164
9249447
5452542
2064858
7619825
1683065
5954329
232383
11983942
16213793
5465311
428482
10659794
9846277
15376345
9438070
520708
6430481
5742612
562305
8491520
12639430
5522540
12480717
3129395
12595358
6232596
10079648
3680967
4480756
8481592
11460264
8184431
11273121
439012
9149160
10401827
15214468
2576699
12942287
12992875
12522148
6524897
4900750
8173917
16519939
14651040
1275366
1884100
6538308
5492164
5905569
5061835
1966817
13437060
7282365
6675727
1474759
7245871
2869092
15764079
8592573
14875717
8589910
13169493
6078617
7226395
11918199
2016800
870863
1849183
3273848
1358814
14502062
12495538
12215141
13817762
5784175
4619702
14609002
12493379
15676614
1601575
11926120
5402149
15905949
327204
8937129
7022675
8282627
4484906
8198536
11074520
7172642
10385785
13445948
7168924
138482
9532122
4409095
7821030
15775676
5819600
8076735
1430907
13874587
13717566
1749033
4147929
15392588
15327655
3813652
5247236
9225697
5567059
10021285
13684917
12103749
7522519
11248414
6362859
14248123
10418025
7597351
6769739
9421361
6995708
3021330
1037701
13056384
6906922
4270214
3726631
4399734
12234095
2010689
3215685
10844949
1136332
237001
10977043
6382083
7819373
5197558
3537963
16371970
5202585
10417103
7991828
14376654
15347307
12610082
8718978
15303902
6028871
256108
10333947
937253
9251453
13294667
11759786
4599615
11661102
4746296
6089007
1512006
2320052
16513172
7859909
12953143
6379791
6285027
11036100
11395596
9476960
4517054
10183335
2028467
2717239
15016339
4442839
398236
9274114
7774857
9572218
8984439
6881708
11596622
10044227
1213245
16484825
2535583
12735809
6379563
2234219
11993016
2502810
14483728
7085633
6329225
14398289
14747705
9544489
9252458
5986282
987742
16244023
11406322
8228788
5530473
78245
11936566
15393075
13777806
12409057
14457941
10520728
8183819
2571473
2058040
7914819
1976966
14074499
11440883
6717930
7565332
422855
14762906
1791708
12929914
12779219
14218592
4835470
15375637
6363675
5775524
11309380
1598410
3594649
12845635
4868610
12370821
7935360
11386382
6806928
2760495
14642236
16612610
16137820
12155921
3723271
149881
3816138
898731
4408681
3623655
10784382
9389809
16507531
3360730
11453457
12925465
2832205
10274109
3910152
14020053
122798
14219575
14971700
9989721
13357724
16570367
5042158
8930388
4950839
2257886
12926844
16558424
3640826
16704408
8797110
9188599
10469918
7912420
13277644
9697160
16130889
5633380
15645011
6009894
11259455
1440998
15153074
12006706
3780467
11139345
15001177
14188462
12435139
5708950
1426698
2048326
8430248
15410028
16487444
729777
13378427
11926163
11718218
5779027
11550965
3447339
10102755
5946266
3532171
10625382
15064366
9225092
7245858
10362555
11019227
12969403
11848800
3953452
8516769
2774296
12653494
14955930
15499565
4487016
1702529
5233040
141743
12489263
1410893
16773804
14740648
15035663
15054129
834227
4537853
2922571
15308555
15067790
10985826
6961135
2604721
10242883
1820148
15602547
13657130
12768195
4540389
246760
13623671
7128976
13462402
9044903
253786
4192383
16617949
6584539
16707450
3586704
10072188
9940579
4985502
10808320
9690230
5097262
15499630
13052118
12875553
16489726
13489242
12435369
1478159
8970894
12077361
3267132
11255041
16027405
13903781
3443379
15138119
13151856
8305670
1211755
12719955
3128504
3221298
2607426
8246117
12969533
5341773
3127919
3229883
1231760
9267377
1611637
13444892
1487473
5704434
15909163
3381258
3371876
8298017
6989056
15225515
6023097
3495021
5649726
4455593
14973083
7767495
3709783
14558397
13004168
11344325
9905239
1551435
9388278
5662819
13728267
11491738
2436611
13866807
3311979
12764776
5161766
5265689
13516985
15635070
8399383
14831690
12795700
3167125
8661723
11734827
12283160
5023231
14273658
13039156
9149093
11182528
5621896
5940820
912510
11600545
4145365
10942235
16579214
14978380
7243924
13296402
13705609
11905184
6912545
6685335
7809770
13081559
2966612
689991
6137676
7481035
652728
4615229
10472655
10018547
8875999
16513053
7366471
5900435
16057292
9567586
16528385
14368
12842575
1756197
12041874
3206763
1030184
6715072
7413771
8984400
5008385
15845474
6306720
6557400
10243187
14844296
3883393
2376955
4879550
3558737
9774024
9696849
3581298
434317
11175919
12421579
7331478
11191652
2011355
5599183
3563733
5183994
2965601
7538961
8980331
7394586
10694447
2540307
11380432
5646799
16730430
3836953
14493333
6545544
9738542
15301174
1920543
2424254
5010286
8376878
14896341
4747837
16135186
6092360
14612504
15556602
13323486
13469825
13402185
15448135
3206060
16078624
2293489
16505302
4621409
5633275
2374889
6137452
10306822
16498600
8583555
5183754
6111196
6947524
15787521
9968764
13657629
6233709
16439298
8123842
173516
246414
12954690
10270143
11433173
1085946
9154224
2655959
7544649
14398865
8306582
16534866
5684099
10280166
15531244
10860359
12150118
5995319
4547580
14861350
12572607
8208900
4809722
3737190
14531476
13999955
15705449
15142761
9460549
9254535
11302183
8777689
9194478
7560308
819950
3563726
15266791
10462952
12347326
4585767
2817519
1436716
11050154
3619328
6300327
6530541
10825301
10845130
9714727
15023500
12452799
3372796
4814270
7511734
176259
875408
1820138
7541008
14001961
15268385
12787573
6176488
16145788
10389976
4324948
9331645
9072090
16154456
15923436
9855923
14376979
5524643
10830327
13181329
9039042
5051108
1905492
3215403
16570906
11151436
7653433
13603238
15729194
15334210
12913187
2811330
835529
1136347
15466750
9121191
15795193
12065112
690930
9586926
12350200
16474442
7578633
4223232
5710532
1101386
569851
4159522
16421100
1872878
4208914
9400631
9566792
6163672
10998881
16581640
12605033
3378063
450508
10153385
8733833
8411122
7284279
11072384
7707121
15153898
16630827
3273905
4011445
16696172
15277138
15195907
8735986
726011
5731650
11750188
12617567
862207
9985929
9632710
14431268
2653796
5779044
1508362
2511922
13716145
5505718
1210375
9622501
6587621
5249179
3802803
10011053
2592056
4617461
2847197
14651001
16014444
12519199
178519
10619747
13013807
12272640
11372544
9791940
14711278
4242689
2264679
2070322
14920583
607922
13969252
91853
6303548
5577398
7164291
4135301
13959884
2057292
6014689
6050926
7736416
13648848
13383975
15249465
16307347
6925746
10773426
9723939
4156034
9367552
9662368
3899668
10596323
7434649
8932934
11869921
4687105
4326717
11286059
16487960
5247181
2005651
9945669
8547989
7961961
12163733
5798118
2072790
9992665
13595868
3350572
7997443
1724786
3255251
15111592
4832347
208121
16450468
955482
469156
6049894
16047726
7414899
16757155
1842972
14111913
1532402
11176309
10749990
10512958
7757064
15736014
13897090
2315482
9403017
12828315
1575977
10974801
2438230
707072
3909326
2234188
3941820
5985920
4567064
10136466
16459486
12700691
16184846
9589579
5817522
12789547
13080781
5922679
178369
6003614
2567242
12319713
203825
878221
10519755
10317300
121014
332858
12687379
13327422
743606
6140553
8910996
14402704
2592609
12491727
6169160
9941388
16103765
3112727
13328389
6440335
753406
15588430
9998649
4121560
12387043
10165146
5791228
4298742
10329880
6837293
7403959
12982619
1819889
13109689
6001425
11242257
5869504
13110495
14387275
16038136
5999363
16090487
12530846
3802931
15399130
10495726
4033926
8148586
11479671
4604994
3531532
2247889
6939885
14548759
1203806
1040293
15759372
10142984
10582992
5569140
9311037
2038902
13127109
2500780
9053520
5664829
16758791
78746
11788836
5625065
3640207
8679148
11472317
7394957
13078349
2600026
14644327
15600471
8487539
920238
1775573
7460295
3149172
3599749
7935658
1858732
13392896
9182653
12501045
1344180
5753770
12816293
11550677
6629568
11311166
6931846
4327291
16540496
6001478
1785331
4233554
7646686
13871150
5247726
16570999
11739843
11872739
12067084
12949344
14878302
772328
10856661
11268683
14738777
15142895
10082244
11248826
9470095
15373771
1219595
4012502
5868960
9614382
4928244
3022070
15734764
9832902
12355557
3412340
8131581
2225048
16207320
1453448
8485861
6379773
15921733
2097986
16424736
16500431
9019543
12124895
4451040
8140030
11092533
3243834
15831862
10860237
3273604
8611788
2260924
1050177
13877302
2993384
11709199
2291120
6073889
4883879
7914022
5992536
1424355
7781715
8096068
453366
6242929
10607274
16015458
4595346
13746098
9914884
11486119
251155
8446384
14577241
15140295
15075296
770326
10421664
13061454
5473857
13460738
10436835
5850732
5674348
7848029
7423729
905313
7990167
11368523
4549752
13178991
16194204
7625352
10043617
14076520
10523687
7960418
2538798
5245838
11836036
12307521
13755891
15931557
10928894
1922443
3644651
15586270
16700797
6782439
6937867
12218211
10859669
9354679
10913018
10328542
15561129
8989455
6939413
3147567
8135304
206557
11379913
10109377
3919688
10294733
5432824
2821707
2977610
270872
11181536
4645925
233875
10277824
16232323
15926099
5939506
3058249
5487350
12203455
6672252
11238741
10199193
1643476
5313647
3609204
14675013
8540968
4573653
2473231
333415
3304761
14431015
5018805
12575505
12367333
9231598
10869304
735926
767065
3152961
1094725
14486438
9047756
3676927
12379728
11838158
11797967
15961079
9522017
1684110
15346132
15052443
15797414
5030363
2946451
2887406
1669969
12813430
14798907
5770098
15484090
14537284
4024065
1230248
5758769
8889903
15149940
1330795
5005599
6820614
5182592
8464719
4671648
11563092
8931502
15803274
12481291
4016895
9032300
2761244
1944638
9842219
868137
6914286
1527213
10561632
15475189
14287118
5903552
11941515
3784461
15907436
196724
533424
5795411
16257303
3798695
13605374
9955619
9544462
9502191
1044810
1297395
7724737
1213302
1758712
16432542
4969341
8806286
14964469
701087
15774725
3155460
3769646
10894790
11052201
13617878
14994283
2665408
2481026
7923217
16020779
8622457
1899139
10351851
9755678
4325189
15919904
8763264
11553351
15944613
15705023
14675847
10180748
12455154
5996
333891
1496020
3525060
7131384
13370015
1015041
2782306
11659306
6685598
8682258
1552958
10338295
5192829
11126347
1365045
7591555
4340644
6143516
8995579
3505927
8978849
7818556
8321926
15633359
11107230
2033755
6509704
1599801
4245542
3204329
4985406
14155613
1028324
5239539
9529904
5255497
8282986
10618563
1946644
15388526
13415737
15557612
7793464
13398608
3710122
6335129
15891526
4534627
4014655
8870632
13029114
6661911
12214727
6284769
15715983
1792903
16717606
6302259
11504262
6472002
14370598
1935226
11739027
12663867
2821784
2472466
1037611
9411906
10186080
15047111
16739886
6383233
13898526
508491
10351867
1198319
1121161
3275013
14749315
3806399
164935
5987201
11240942
10734241
3924071
14544798
1551564
13678027
3938596
14241533
13760871
4882092
13197880
14385158
16150597
15493647
13643576
14500310
5033417
3072942
5954617
604080
11688828
1911871
9169374
3229091
2395719
12112084
11521037
4534396
11443366
13571676
10191012
7126548
15063690
15198678
10033485
13804264
12623227
2576281
11761980
12545414
10558018
11219172
9816890
5626760
5077242
3243890
3679587
10008166
9081127
15919329
5743542
11018373
14222967
1745831
84967
14219744
10061335
14323875
9633341
1850450
13193271
9052733
12179828
5270354
14614545
4426009
8544262
14646161
3066124
12800657
6175922
8205379
11837198
4786551
11336514
11645259
3067935
4112795
8259313
1986286
12657040
16206745
12500451
5495740
9516735
4864203
13069545
2565465
16403580
9913946
1227084
174962
12493476
4932537
12980602
2779645
12015509
5808608
13130536
10798547
12525811
16386814
10195241
4641741
5387178
1696847
5434587
3608538
7654799
2799909
1701663
1366058
4177154
10195361
1924328
11116163
9569058
11028325
8624523
12243827
10115830
2843396
163906
12958345
15707869
7392754
14972423
12310153
7164979
10626154
8836564
15288000
4499635
411667
4592013
13339356
4573452
4295307
8315129
13005586
15293235
11919103
4197562
16316609
8395252
12356419
4213912
7093755
7355912
6240692
5787587
1358691
4755781
7066286
9666402
12616267
660214
2942226
12988607
12114362
2575636
2254929
15743566
9076325
10824716
10258288
5603097
11958194
324078
7173431
1532648
14707916
15717071
13635958
13023923
5846386
4999765
13446764
1847960
1144216
6608056
15107190
1917577
9477366
4142061
14679007
8052926
7647757
7241032
13959082
5195380
7611637
2936587
16688055
16149470
10969198
9953796
13359245
6453918
6533570
1125701
6572838
7315110
14243291
6153884
647263
2705725
1903076
3201853
1628477
4747593
8185194
788868
12554447
8671694
1890189
4338382
10360324
12554633
14636492
15343717
9950139
3325223
13237297
15297406
13146844
2446999
945692
1465603
1378788
2974765
9898292
8499914
16572834
301748
16768556
4385189
15258243
829442
10921320
5804856
8335365
13098391
5669719
13841681
12494538
8044516
5944942
11963434
11967824
9251796
4419850
15354389
2021851
8258364
14093307
5684975
16666401
13372534
12467581
9975392
3488252
6054142
7482637
8472178
10268581
15506360
16300925
2699887
15992799
5654146
7828844
11473892
8222200
8986852
8301488
6959037
6230891
14562669
9022421
13883525
15576233
4355100
10040861
16151565
1951397
9484334
9288682
5423620
3677450
1383272
11743157
3846848
7016867
5048007
11006486
2098319
5497575
7044674
43189
11096044
8822060
13146063
10781525
14636231
1280493
5292923
6289012
2547224
14805030
2866658
6735123
11868080
7768979
2190912
4039135
12372647
8374456
7226513
6426251
15009784
3887853
4062585
6656303
15891653
10657672
3000803
8184173
11198369
11219111
4259579
2276354
4543284
11698881
13452785
824741
15754269
10062653
13295043
6342185
5754327
1207248
15524977
15125883
11941837
85922
714584
4843941
7324248
4643350
7430835
9447445
14775864
15271013
6807395
16595946
10894825
11401235
3334809
3092032
16176366
3756700
750945
7396152
15688783
9395770
13010933
12870856
15781200
3714891
430567
10629488
7668000
3933037
1913154
7869378
10751369
14416481
3908456
10945965
5060996
15143419
2615121
10743655
7914644
9048730
5210576
5532964
14342283
15115142
5669324
16466817
4950571
14577596
9854258
16233155
13613447
2869107
2506217
11672123
12350172
6829992
7896931
916310
4474295
12959296
10888469
3511775
10065042
13799961
5912963
8425980
6859826
12819987
10194906
7129184
6600465
9854499
4922412
13711319
2531444
3092424
16254554
11784000
6645454
5684324
3416262
10508029
14329489
8932325
4523638
8113951
12629849
11195549
13734545
14999423
7207514
15482362
6473974
954552
5756873
9441558
7962869
12438776
7392345
10745607
4227226
15497075
7672089
1773160
7659638
10442392
2208542
5423520
10457617
13006138
11766438
10324469
5600137
11193300
12145554
6278873
4768869
14669853
12996961
8927645
9781203
16774891
6737880
7013865
16299867
3685996
813337
13095890
11042275
14272074
1458921
10170826
253415
4799471
7626956
11918796
13355534
2330338
13657752
6259206
3952085
13508036
6205395
11321317
12443160
13192154
1758417
13583943
15612923
6617421
3294466
6428389
11136611
14950716
13143557
8691331
7882557
13414795
7328587
7256558
2764357
648684
1729983
13570584
15573646
5247179
16223273
12558014
2790219
789226
106278
9992346
6717505
14690280
14861460
14081771
7001285
3389589
16147938
1461459
2265602
16312881
601883
4351695
5903631
13796900
521155
1088569
1572547
7937898
14890598
8224913
16767731
7881768
341505
7902403
7187164
548636
10071752
12266930
11194483
13308885
6643525
1588064
1036118
7825565
12445361
3064662
5448861
49052
1983867
12289349
422263
9040275
9995566
15090534
829340
16421251
6197982
12028489
8002729
15032150
13195697
415565
1880370
6070113
13344511
2812883
635718
15524913
4930196
6856959
12401808
10129713
967478
9628509
7327441
11708753
14023053
3950053
3635193
10009294
13076615
16726383
2652970
11647772
5296434
9085648
10337006
5124951
13513234
8700842
16367115
3575018
3935755
12133587
9206417
10843432
15008632
10484056
5300673
15652654
4234310
2651026
14314774
1922609
136698
1530314
7764624
16594847
556764
5591071
9478762
2706714
153447
15308017
14662685
5246290
13109653
5925238
338640
1848441
13822251
5109512
9466286
2052525
14949166
13508480
13693526
13674269
3392229
7784390
7045836
83212
1630744
10311530
14755739
2784655
12957280
97321
5847430
205527
2426532
234441
4500175
7775118
1688855
6516415
3811044
11744810
9755988
15315888
11629949
6886952
11958765
16245513
2164901
13847057
329262
6655907
5034481
4162535
1284672
12309574
1879439
15756819
8874753
15728651
4021354
15188024
7825504
11632097
7201514
7063383
2671548
13510724
8521982
1392726
1152521
3686738
1249837
11042255
7605768
2951497
11507431
7425623
10117329
15550189
15097805
14601536
1879453
13803388
1942804
3030578
5598562
12758382
3597525
3863542
1111757
2271735
2357775
15828937
8940711
14183304
13031068
6832354
14353584
1645782
166922
841041
15616163
7781750
14606458
14091148
6123350
3283316
7443278
15508415
16634064
15740369
8576852
4552723
8221584
11465318
6157713
6808752
16459310
13357397
1210237
6022571
16562854
1181722
6793335
7507110
16153993
2896137
11524888
2906977
13119741
2468489
1550453
5796812
703058
16148370
11819660
12801699
9434880
13822913
7026589
4142569
16108650
9734447
10184660
6875578
8952226
7745921
13863692
314707
1741751
1616874
6769103
1151729
13694068
14325403
7256714
13267656
12179683
2583158
11328100
7862263
2428325
7068070
4140237
2299992
5423430
11146514
2153606
7923967
7229371
8121300
10858453
6909273
4064841
1135736
11752795
4225584
534677
5668903
15419344
931210
9865539
7295399
241329
2703420
6194843
7813762
6939052
13580776
4426121
1018990
973591
5563804
1071847
2066221
5918136
6860850
5219039
10073241
16586516
12432731
11517976
6621868
9091785
7904803
1053753
12095016
7028406
3850948
12452933
16478142
6835067
13854600
8936350
5388459
14331706
2303199
1344247
11088000
14922428
10706471
13503612
12419478
7243042
5962219
3669498
5949890
10252300
14099934
2625141
10066172
9308891
15743952
16184434
6547843
6472607
11740991
9094612
5136625
4182048
7088748
1245565
3255213
15944547
3625192
1281804
12411501
16096252
3668656
5464668
14574917
10208979
318232
9078384
5225251
5103427
6857812
10040599
8192396
10858493
9357173
16184949
13426701
13335766
7016344
5905992
13062652
8583619
16216616
11871005
11334648
14024520
11209622
16278679
12347966
14628749
4591459
93385
11225730
4695614
14566193
536852
16435759
6697533
8230915
6101294
3892921
3755725
284512
12387924
11356502
8104742
6723570
1068177
1446205
12615835
15580257
3925846
4610409
8958493
16092375
4870434
3578134
14241447
15949488
3608235
13504601
11952153
16636446
16394032
3029910
6710512
9009
15641058
7749429
1651389
10903922
14772353
4340491
8331595
4073106
1206071
9089538
7220984
7227743
15570084
1925633
7856653
1427820
13493713
14251448
3010386
9456622
11933237
2904241
11666457
14199851
882141
8198704
8463418
16161224
3048230
13336543
2099001
15057912
2454921
507745
8890051
16655520
4472100
10524897
16653105
15441016
15720248
7227202
14432569
10440578
14871291
5507394
14209345
12822123
11363132
16327193
16510789
4618102
2284927
4706922
4986265
2204683
3768488
15534976
6228913
13015879
4521895
14864017
82163
6072183
10853475
569282
12643291
14409968
13198475
16217451
1903844
14692257
1695263
15406750
14204026
10743717
4899713
3433149
8904439
15847268
9527234
14462778
15463058
1610348
8309524
10318112
14009906
9835569
1966591
14513815
4395652
9826589
2795384
621603
8174557
5919820
16147969
5183287
15956024
3597193
12594697
843742
6936104
12427466
13147964
3693843
6085693
5063240
5788738
2721190
1877154
2705940
9977684
9812465
7199391
4051491
6214937
13748024
12452324
12948184
13370932
11586043
120701
13301451
16612986
8582804
10026951
16106327
11878285
14744889
7150816
6945449
5417674
2454382
1489213
13209801
1072879
12127836
6124135
8899784
3633478
9780912
41485
1849126
7427903
11429266
6063715
7622056
13084965
7174
15673580
11526661
6537023
12691211
3535054
12888612
25913
7602510
2476039
11930521
2765268
13467882
13510241
12125663
11530905
16262603
6733017
14446236
1051630
9396545
15215198
3819768
14291715
11282859
3758139
10335368
10306230
13359540
6874443
7979737
16567497
5676387
10644319
3295443
1305127
8535325
3209613
1095033
4549153
1896481
15786090
1491394
13332560
6472263
12958436
7404892
15604687
16126427
137041
6066899
2382897
6764875
10588288
12961735
12542868
9536354
5807409
3535031
10892102
7886302
12042680
3506368
382129
15100093
5156585
1214875
3725487
2918818
11559110
3268478
5394873
8865042
566778
13508569
3871683
1018222
4022056
557157
15319527
14805220
4499211
261315
16145441
4249125
12082274
1332892
15289469
6171578
11276451
12076105
11813771
8085995
9415170
562071
11826182
3965652
4685742
13927936
11077991
7753703
14658642
14621831
14440145
8301539
8354286
12003576
15394426
3725876
10700516
4168938
9829241
10674605
15479978
5574529
4395706
9338325
11978608
4820915
14472673
5633698
7260066
8903374
4990778
15056756
7698539
3572679
9156851
9160189
14285245
6082793
10721281
2375690
16421707
7201692
16269757
12122788
9836643
9127779
900990
13351546
961448
2738243
13136072
8512731
6134945
1834370
8125486
12374682
6576695
3544894
10075587
4555429
12051686
16604702
8308
7111040
2427704
16369219
10697335
6441951
9531938
13655673
9484360
12996939
12697359
8126197
4637994
5676988
2379509
10899694
7783536
14590015
6837853
1598742
11996489
4531943
14126757
241984
10944678
7592858
4174346
7686253
14363619
14084630
16162205
12453861
15272286
12543941
2659524
4081654
10748087
9326309
13373223
70289
5247215
4307284
16039801
4072340
16306394
15552166
7632682
9724770
4411837
4129210
2444995
9739550
581
12781406
1584102
3582928
11453217
2042639
1178918
15230438
13405018
13671247
5394456
11543635
5482418
13853002
3135617
15319429
4043553
434807
2407682
10021011
5819528
14508715
6902351
16643959
13428434
7696571
13509041
1663304
6592857
11326533
13685501
8474680
15062112
9997085
11425861
10885597
15306082
595645
13725874
1379935
4338460
7745465
10874795
4065271
14506556
2110147
13352608
12568011
12046564
15491848
14287146
14652152
5578860
15772906
11565524
15507023
5390293
10100289
10054377
13717024
3269903
3168418
6457264
5475499
4432489
13996144
7827172
11779826
11307211
1174910
643830
5173221
12403908
13225929
844013
3113118
5036494
16403319
15190084
11779885
10274244
3740898
9764146
15512914
8112678
10192222
10822246
6401509
1808129
7866819
6282537
13155863
8629247
9208503
12254290
12120300
12112528
9131666
6421665
6256486
8353990
15995301
12099969
16406251
97674
7060312
3409444
13077652
2553286
4123621
10026351
259516
15855395
14540632
11271804
6106784
6472486
14275279
15453877
2338769
2050761
8269400
6520771
4169618
7877677
14980574
13321625
15661910
12905047
3956724
9288430
15087908
8621152
2150517
7673650
5284069
15052803
1595749
5130480
12619002
12714302
7384134
1430372
135485
16215925
9978457
15049445
11911111
12872480
4264733
9847648
9328165
1079890
5810141
12725658
4554769
9593482
14876119
6054174
6577488
8444425
1446715
12534063
1228515
13384336
8515443
731642
12225007
7631105
1015549
16653790
14891718
11508926
4206490
8686194
4796276
9740472
7942467
1443370
485231
5203627
14845288
12223835
5340584
14684229
10482703
8862252
4390555
7905340
3899350
2484304
12888217
6545258
14377621
14138246
15169563
12111841
4361343
3044529
8569356
601776
9003103
2117809
13655099
13534796
11903417
16162147
5396838
6578730
6776215
1219104
9042067
14553047
1820302
6169866
4476956
5690560
6590860
3691460
9586135
6755212
16428397
12143575
6360213
10574844
10616935
16722405
5072642
2737204
13541099
2742981
11961554
10295216
183267
16444801
6035339
14268595
2893095
14285521
9860430
10413348
10204336
8077536
7350566
14729263
15172754
2706194
12178838
2039932
5056943
11585618
4939728
5569757
2385199
11554996
12957745
14426851
8569832
16100680
4495814
4251530
6572855
4484795
3923017
3895726
1674127
3096052
15658866
6662532
13746028
6091499
12086105
12731650
6864396
16309268
7332300
10142145
5916291
13291921
5205917
1011108
5542558
15461462
89983
14800927
6327549
10220362
8171519
11887060
1833662
11029938
8298279
3857388
14438807
4399051
11151700
5412711
13771888
16590095
5428732
15813350
6603531
3243762
11337590
16626379
9673392
9224355
7930945
6170277
15015261
9652741
10657620
6274560
7642802
785200
6319322
15276873
1635109
4029621
9634633
2756353
7079724
188596
16284751
12145386
14962394
7919741
12094656
15042937
4403995
10297027
15271805
8951111
6240006
4315793
13651880
5095586
15920881
1690651
13751616
7277769
11967532
14464654
5288694
3195750
14953887
9217449
11073186
15928159
7045543
3424855
5004948
1798954
7971379
12404120
11259397
14330913
6914116
6525797
801765
7750766
140069
10740293
8125970
675856
4719003
4930511
11962483
8283422
9587707
16678404
13280168
2423273
7424461
3209290
16059159
5969748
8204217
2431230
15136097
14002302
936175
5879589
8721674
5157682
13948356
11694996
1388867
14706946
6446360
10909806
11013659
13045436
13782343
7037206
2785664
12221393
8980110
4788527
12245772
3496850
8685063
7568662
10249904
4503641
12214822
13269848
15826902
2680509
10295782
7636441
15157282
14321740
1217237
16694736
4214171
5347329
13796950
15058295
8714912
15319184
8856106
6069253
13251384
2811431
12698478
9508036
4691595
13726761
14646781
11440544
9737562
2761274
15468653
14112997
971295
6354428
2410490
4700643
9959936
11832696
14520522
9568807
1449959
13049895
10297100
4060819
6785077
14045548
13943144
7800947
7846762
6391271
2067166
2206972
15957062
1635307
10072244
1721407
14920683
2763624
10647884
8098683
16564893
7344552
16467014
7689972
6380919
1354252
3561599
5757541
15771408
9163045
13422894
16473651
2918712
4617547
211052
7432855
9169950
4232976
6863813
3942287
14037308
824602
6700711
9281175
7721326
9097725
12299334
4661240
5478222
7244683
4836371
8444044
15706303
8533033
8723172
8789263
14191117
1106568
4887789
11020133
3465899
11983432
6620101
4582938
13667376
16540362
13035608
8023508
14075531
15857185
12225964
2732860
8473539
1621328
1711863
9336204
3039214
11723262
8548241
15145713
3523702
9606195
6506524
7786103
3774945
7660840
2481597
8133835
4620019
12946668
16345607
7936880
16743809
795689
12222812
14809855
13858507
1215523
11457027
10514399
102387
5029645
13226651
6960020
3076447
1570497
15941075
8127975
1378187
10150434
15683695
1178789
8224530
5418469
11955325
14135518
3484145
5573
10255100
10224419
8968815
5984213
8646470
7973427
2313589
11595476
11486784
8917308
16085623
9979424
608106
927675
8584619
12971922
12002090
8644745
1757142
5804961
11503180
2636731
12507281
1730798
13807729
11557587
13708914
14425333
9830552
6513883
438122
4885235
13370570
3471197
16164188
6969181
2820372
10890312
2472295
13662615
4524470
3771533
12892936
450228
4896407
3360827
3266930
12309678
751448
16462950
5295379
5632292
7442610
15376910
6542220
11202019
10046351
9746402
9671424
12364437
8064333
2898701
944041
3050916
7092269
16751976
5694363
16194706
3587627
5475456
7805634
2428520
1463994
7732106
6778015
12901808
5184016
2655015
8414507
16104772
519790
9971876
3870559
13646722
9500293
5743075
3452335
583593
14778037
11019259
15537126
8729464
15418824
4750014
7054721
11502765
5962225
15453592
34368
7341086
13366908
14602801
4630746
14128903
16206627
11812140
10388691
8646629
4720102
7130589
10537481
16435064
14612326
2839187
16644086
14645199
5952782
12228348
7050668
4095866
3930034
6463181
12362569
16361269
539667
13751327
6089596
14156345
6800645
15657635
16366218
2299719
5091352
14900154
7870093
13847253
15953979
5285412
13518316
14400992
7150166
6525389
4327660
2539127
10033689
8135444
2972592
7609306
7657227
1245713
14524388
14802385
11207337
8743730
11273652
5025401
11871531
1125404
2711414
8717594
3685307
480504
338025
14733473
4929024
13429612
5731518
2919320
3982872
7043975
9288004
15818003
8903997
15301043
1592364
13725530
15453191
4739317
8803381
7831701
11276913
14219029
13918500
8428165
8712855
16297355
12578411
10180876
13510134
4787042
14594067
13884031
13200677
2211335
16446602
14092175
6453218
2132254
10861248
3736596
8672135
4420672
1256580
9182738
6573494
3471117
14647932
10708471
13222633
2426456
15968945
6608048
7707887
13087040
10954725
9370359
5773616
485873
5790200
11894461
6885966
9086020
919275
10310049
15265430
1646947
10617036
9774155
7684163
503059
4125990
2037368
836045
7127100
5853039
5239837
11862118
15543324
2659740
1854851
12323601
13416902
13088100
7405664
14702756
3025070
7575492
14920932
11368166
4716408
15723982
15682131
1945964
8008826
13282247
250080
8132087
10219263
4867598
15066575
13140399
460270
8087361
11164065
6706371
14047169
4734971
11598504
16267780
757180
8479959
3881678
2069395
11617631
1140006
12458678
6441300
6574167
5127417
3441539
813241
13383820
2044035
13972643
9962672
2700739
3200860
8874023
5411586
4658390
5507148
9208595
8673008
1918817
16615873
8956746
10521565
14083497
4036618
14632482
9217987
14594702
7301870
16322306
2394150
12257356
9906996
11585132
12869549
15808624
8328047
14727541
7422050
15924706
11849291
9924079
2692018
8861410
1101589
4522606
13345474
3627480
6646668
12805813
977714
6840105
11253139
15031743
3113746
3640132
8182322
16276137
16238337
13059560
1315226
5357473
2740086
4391734
15637052
12003980
6628741
15363720
