7482637
10415116
13617878
15637131
2011878
16474442
6755355
1696847
5803568
12528935
16437267
78746
13449429
7531343
6916019
6077018
7114430
14996624
1923885
3899668
11569043
14622962
8252502
15461462
438891
16760408
8682819
14601414
3541040
823446
13986335
2974765
10954725
9756055
15895571
5497575
4458342
27067
1748786
11134747
8622457
1887149
12452324
16669584
3339856
14974304
15493221
14973540
5466142
12880616
10647884
6868590
1701071
11739027
4788982
10934326
5023168
14066688
10176334
7769395
5955051
10897906
3380251
638292
14215312
7883413
5115472
10116343
4223287
3291316
15956614
16215925
3204329
6233709
4315793
3691460
12756296
7493116
9994173
9780912
15182102
4573040
14690240
13827698
5008935
15172754
6939283
8479840
937253
6685598
7613760
14036727
2270020
1848441
14990620
15305818
5788738
3636351
10671905
15301043
2319689
6625687
8569832
14842201
10132683
6173605
3850948
12420227
2253203
15506360
1993006
6618120
15075296
4916965
7522782
7975988
9946472
905313
14778826
4159522
8776463
4996157
10972646
3689601
7521115
3054149
8090445
10625382
6849869
2497504
9973351
13178991
6472263
12691211
4554769
11595476
7201692
6623035
11440883
7168924
3304761
9047756
4789764
1626011
4463508
8334801
6036331
5810141
12521141
10628472
3000803
8877302
12728365
16614047
2609059
501054
5986282
6369902
9182738
8183819
3997735
4610409
12491855
697268
16026503
4567344
15015199
1318621
10472655
1487473
10868432
428482
6939885
4091518
636681
14638443
14980761
13414795
13963158
6457264
13078349
2906977
4820915
10857074
10843432
10588886
15293235
10654598
15033501
5396838
4994866
5614132
10448294
1576572
8875999
8822060
4386213
2055009
5521266
15230438
8911777
12862474
14426851
9511049
9169950
16072478
9328165
7877677
7394957
2291120
14247750
5743542
2202906
5173999
5007443
16467014
7591897
4970738
9637094
12493917
13667376
7130589
13693526
11688828
2138667
2501346
7821168
7556529
8903374
3437777
2277290
5051108
13069606
16416296
10360324
7397229
9497894
202536
2625141
14931829
15953100
15159107
10065042
6436285
5412711
8632136
13245523
6662532
7423729
16077860
10357847
10219263
12067084
14047652
8501090
7883912
1446715
8135444
3267132
12661503
5633698
12892605
9441558
12786036
13198623
13351546
51363
15440573
10822527
1899139
11469307
5281805
16769824
7597351
15125883
2944424
9485476
7164429
844189
8121300
12024206
382129
8956746
12178534
5799569
15559737
4221732
11521445
5205257
3283415
14606458
10129078
823503
12151790
14456409
10888469
8858495
12099969
12796937
15035663
10804302
56981
11585132
4781732
13259551
8614824
12852193
7575492
14573540
9689997
8222921
14137565
12692456
3572679
10938669
13323486
3012404
1601305
3030493
13536903
2613357
8592573
16560333
1344180
16484825
16048294
8882577
1952461
10150434
5076112
11074520
8223596
13725874
14288556
10740293
11340450
7403959
6226874
2313589
11906486
5985920
15016339
2829285
411667
1830722
10357218
1881298
7913145
5411862
9105949
4747593
13225929
4864203
10434619
9267125
1630744
10087785
139819
13265198
9147613
13395270
8067955
5018805
10496084
12980602
10537400
1958548
13903373
2615121
1669969
6841787
13534796
12779219
4429200
15078548
11230303
12205573
4986265
13130262
251523
8028804
8498168
708438
16085713
601776
11395596
5601452
1378788
5578860
8797110
338640
9865539
1410893
8923280
6091499
13062652
3159589
9738542
12082308
15923436
15031743
7414627
13071480
314707
15826902
605594
10706471
8052926
9804974
10383862
9308891
10593358
4001286
12455226
7552848
16482224
9514300
10411436
1929341
8044516
8989562
10082244
4534627
1100870
8119498
3963569
6694592
16708521
5952782
14792179
2426456
9336204
13051806
16006909
15791635
15057912
9854258
3480815
8715198
784121
10548709
15363720
7025365
4630746
1933188
15999742
1164905
15533023
4468038
14605549
3639485
16730430
350298
14244595
7002602
9477366
6023097
13290095
4663499
16148370
796064
4755781
10433522
5492322
10180876
936107
6686995
4570657
10496600
5651492
15067790
89846
11696982
4746296
13798894
13277644
7558335
632066
12931084
6143516
11451373
15774725
12926154
2685534
701087
2813874
5125831
8474334
6885966
1880370
3855346
2347263
4499635
13069545
12619002
7919844
3505278
6030795
7848029
8976351
16500431
10766696
3343829
11657470
13794633
16422371
1245565
12351592
10462952
13613447
8989455
8791753
3346935
6450661
11276451
8970894
16529377
15550189
6816395
3229899
15849149
11189468
1125701
255111
8855061
13574398
13705111
9889445
6628741
4703724
15268385
1932129
10855360
9673392
12525811
14347265
7728499
3679587
5815270
747266
11848800
16688055
4747837
5429594
6139570
9037184
6274560
8993595
14808881
7129190
7205369
13575493
10704257
716629
6919525
7870093
15142895
14995501
6629568
5832629
8148586
16150597
5278374
12651681
16206745
16104772
3366938
14084630
93385
12307521
11962483
14111913
4734971
291854
13881261
8714887
5767087
13631500
12192524
3720505
7803570
6655907
10731278
7259219
10089824
6097958
8173917
15686238
1330965
6874443
2051975
7384134
7602510
2535583
2385199
14083497
5946266
43242
12243676
6264182
7641651
11837691
9882048
16386814
4315208
12261815
4281557
12165096
7814305
4852809
10021618
6472225
7114799
3864702
11183519
11930521
12495538
5733016
7935658
10127196
4636425
5880765
4100472
7714302
14247640
9261102
15076452
4944118
6959037
6764875
12584367
6014689
6454418
13551687
9587456
10890312
2131473
4356733
106278
3483853
12481045
135498
4575061
1922443
450228
1425395
14725692
9554224
15153074
225642
2415875
10165655
7282365
14456015
5929328
7468219
3412678
3669498
15205431
16147969
12362569
13473445
15557864
3215943
14777916
1966817
33047
10787108
13259075
6067012
9433699
13127109
13571991
11225730
14431268
8300194
3318782
5660637
919825
13651880
2312043
12795700
3275011
3514312
11488982
2003033
590599
11219172
6391354
5724281
16269757
13959082
7931844
6583859
7244683
4519965
1474759
1174910
16050649
15913914
12477227
16627665
10388674
4764611
11533422
1648826
4823043
13192154
14171184
9009
15524913
14540482
3599749
8677912
13771888
8155731
253786
1274413
1144216
9131666
8621152
6385812
1458921
8317549
13301011
10442392
15107140
10750217
1355303
14351051
15465102
1101589
14483113
15047111
710794
11791056
3021330
11813771
2099001
12501045
8316151
8832884
7016344
15891653
14597399
12361355
12455154
10858453
13792929
11880855
5456009
6205395
4766056
7460295
1887727
11846253
13053351
10885597
6572855
16207320
10846849
1118996
10484117
5992536
2811330
9542576
12999394
9127779
6136763
3522789
997225
9402061
5650423
11088000
8190971
14573402
16617949
4949632
15327655
3581298
8624523
8076735
4922412
4361842
2538844
2685527
173940
2473231
12762027
6860850
7419519
2376140
5147527
3631157
12087126
11788836
15136097
1917102
15156933
9359132
13329089
7551024
6611059
8735063
9855923
8542442
13339356
9468787
9103051
4153653
14262612
834227
601883
14075531
10135551
11958765
13560796
13685501
2966612
704597
16478142
8393035
16320966
16586516
164049
6575694
7990167
14790422
15864362
11015601
3460208
4084768
9506185
10388691
12845635
7936880
15040696
14975016
668839
14025673
13847253
9554002
1196484
15217471
718603
8735986
8325068
12005246
8540968
15809359
1113970
3279393
1317002
8461874
9450533
12407000
12557904
16513053
6357237
3463792
14241447
11782799
7117565
6737880
15058295
2607426
15198678
103435
14133829
7917858
4834738
8504636
13232243
10849968
2636731
15946079
13213701
16415624
12904989
4377180
13720478
2873684
7804522
5428107
1911419
6510526
16628083
14380598
15475408
224875
595567
14999423
16519939
10315881
11391382
16770113
11273652
16462950
16740568
7154193
14431015
8049757
11624761
1908686
1882006
2520220
12401808
12421579
7142165
4174346
12391732
2623098
3635075
8439352
7415597
9989721
13636217
16588254
12445361
7799939
15725225
8135304
14275279
13918689
5390686
2261390
13758713
8583555
10295782
3255251
11656144
795689
14126757
12254290
3281565
15926099
11504262
5918136
15531586
2310332
13404164
5704674
521155
8445431
7642802
15547930
15775082
15915815
11983432
7686253
1094725
945692
15787521
1281804
5406297
8230835
13832933
7781715
4585767
3910152
2742981
12154118
2893095
9696697
2203532
11961909
11983942
1610348
344029
15419807
14717609
5689347
16126339
7834781
14377210
2896137
11639127
8204276
10339942
8849781
10672164
3544394
2018994
15121489
11871731
14537284
15970227
4549752
8863360
1072879
8861410
9059774
3813652
3275013
12866574
2870171
3798695
4108719
11586043
7316101
14398865
11894461
163906
7060312
8931989
16466817
13508036
5338991
12264068
2581664
2374808
3505927
16412012
13420246
3110000
11533609
1550453
10232924
7200043
12677045
15847268
1015549
3435631
8119221
2253607
18954
6035380
12531216
3506368
183267
7605626
1419328
15814062
14439864
3436814
7654831
1866650
12730371
2152527
14464237
4225667
14900154
13398608
3339475
2119493
7045836
4448123
8127975
7517532
9044903
10242883
13392275
15831862
13373953
11401235
3391635
4599615
6501451
13552152
857508
3469731
7318724
92121
8062524
6691277
3259723
11784000
5388459
7030995
13121094
16717606
14106561
14424628
1085946
6441951
3213616
14206207
10362555
1418426
7111040
9364049
13214880
4832696
13763330
3708368
14240264
3206485
12692933
11175501
9847648
15920881
14472673
8339933
5398250
9387656
11195863
690930
16678404
2250450
7541008
2316424
4213912
12041874
8472178
10662116
9217449
3282379
6101294
11993016
6481175
16327193
10388231
2405737
12299334
1146567
9150114
13942172
7481035
15491306
14183304
3149172
7143544
5377628
257209
9248806
9178511
4512490
3763844
597416
9431364
15315888
16027405
4442839
6685338
14353584
11645395
7200834
16184949
2139655
15420919
173516
2604721
5841402
5574529
1149890
7654872
11735652
11141634
12222812
2090999
13073833
10044227
2711414
15051905
1407711
10874795
2761274
2761244
5183287
2703420
1222612
12737474
884044
14387275
4833454
5426391
11666872
629560
13501063
3479880
12954690
16064524
2630701
4522606
1529271
7187164
7053532
8411122
819950
16320197
7475132
12286736
16130889
7989841
9640847
4232582
1050881
5212608
15944547
14715507
13258519
9544462
13071233
10724897
12094656
4270214
13774524
5974687
7918779
10300710
4064841
9129182
12559106
12320286
11156919
6391271
15875761
8228788
1210375
5905992
14009906
16570906
12103749
5710532
10084503
3863542
4480756
13403828
8267646
333891
9223761
9777512
9990460
16103226
2705940
6422542
16162147
1646226
16158276
4277173
15935131
14338001
10612716
16489726
8282986
6069253
7331386
507745
14396486
12819987
3956366
8474942
2635156
5615501
8758244
3769646
7367393
10184660
15297378
8560134
2661458
14707916
14961003
1194140
8441020
5404070
1171217
2635291
5690560
9872461
9021706
12640046
8212352
4344526
5210576
11761980
14252500
14257608
9671424
11507431
12146029
7544649
1650623
1388938
4011445
12080894
13352608
15584004
12531241
846074
1388867
14352550
6600465
9587707
1872878
16283455
15392588
4133324
4084910
12047416
11092533
12208581
7772681
3192442
2419714
6153884
15916162
6089596
2194244
12875553
5803838
6960020
3229091
10244959
6536444
9622501
11183437
4706922
16417175
4169618
6066899
10195361
8568685
11508926
13858507
119843
6730135
6958343
13975146
13921801
16306394
7877871
12380635
12112084
5942365
10358231
3208572
6923318
5740549
12827033
8940711
4222382
15510218
2999136
2209157
12341626
8844618
384076
11334648
16451994
5449663
9686195
9052733
16546739
14754507
15460284
2494324
7522519
7768979
6807529
16015458
7016867
15107190
15879749
14155613
1963217
16078624
2175008
15334210
11175919
9957348
9680401
15343183
5731650
12599821
392443
12617095
12552026
14773719
15707869
11863404
13969252
7022675
16391208
5390293
13822913
2117304
10394379
11360730
9029214
4717742
102387
2431230
15482362
6682793
8205525
12114133
14209345
16228543
11329585
11406322
10255100
3206060
13557815
5205696
932010
14703013
5347329
763058
8774446
16435064
5140716
2206972
9572218
6899917
16322306
1446471
2258635
15113312
1721407
6791067
11586185
7658128
3639705
5252232
7348709
14826759
10796305
7521251
14876646
8386095
3206763
7745921
15143419
1471297
4125977
5440091
3736596
5637796
15798430
15272286
6179379
5554948
3746116
10977043
8980331
7392666
8282627
1593489
1486031
6425081
4883879
6723570
1197495
4411837
9389237
16373244
5685109
5984044
7354197
5794629
15570084
16110234
3726631
1945964
1169586
9886456
10228126
5241094
13479926
5505718
8117179
14553047
5781449
15937281
1079251
2375174
8623170
6603531
5627283
12899349
2394150
11804439
9321707
8087361
9637870
2436611
527329
6490802
6987697
15897729
1028324
4910441
3686738
5945911
16151116
14674164
8856106
9287488
4335245
14155727
3412340
10285192
5158976
15301174
4777510
12816293
4814270
5969748
80083
11877815
2550968
6758778
16173320
15497075
2137171
6624190
8813370
12924591
753406
537414
1344902
4148333
3280964
15893990
13335766
4189305
5310573
12556537
9217987
9054123
11672092
68933
7991828
7366471
10973050
13767986
7254740
6912545
9688329
10576348
4308007
16528385
1249837
2710226
10596323
9975392
14567769
2757435
2250738
14145703
15848986
11242257
1849183
6123026
15100093
4900750
3269903
16215624
5769028
132748
5285412
3056719
6931846
2253446
15319527
9271357
7750302
9563163
9629785
1588064
14093337
743606
3820468
10558723
11843781
13743926
4643804
10998881
10424138
6592751
9684999
8683016
7755378
13222633
3531532
7856424
10338295
7932314
7442526
15772906
9923365
13834666
9091785
12959296
8486382
13745988
1942804
6823435
706511
6956782
1256580
8246117
1748778
11215642
6266140
4552723
3050403
7266940
16498600
2020320
10420626
5569140
4655160
4721163
3740898
7289889
4836060
4530900
1230248
12202193
4484795
7831701
9225559
4893743
9048730
40387
12179947
9019543
5183754
6777769
4521895
15377111
3157679
9703581
4566912
4549393
16244023
14544516
12250028
6906922
6671678
15214468
13657130
2752767
7993395
10639084
15925597
5659556
15713076
2206827
6425969
11751350
11566596
10626154
1735008
9012450
13751616
13237297
2763624
14268595
4315793
5339054
10242481
5414580
5993637
14965456
9754743
6801723
15308555
7226513
1878709
15577521
12198353
12319713
7626956
16411882
1903076
6583136
7896653
4984039
7812203
5905569
4083056
729777
3447339
13444892
13140399
13422221
7682190
312555
15666573
15408853
11869921
507174
10999919
1462471
8646470
10814980
121784
14675013
6409254
13609505
4928686
8404419
16613362
7192409
2784655
10413348
3266930
10165146
4089773
2285101
15740369
16528451
11095595
8298279
6335129
7866819
14285245
1946644
4803215
15406745
15592485
9485094
6643525
5289108
9484386
13722481
3613385
10749990
4503641
15647242
15797414
4319833
1477151
7753703
7632616
12432731
2927694
16481899
1850576
4753204
5339129
2036597
7592858
12267002
4051491
3244127
9614382
14273719
1050758
9871747
16152580
15956024
1879750
8017982
1290023
7324248
14926960
5837914
12231681
2567017
1846346
240590
9446085
1095348
11152450
12534876
1040666
2460456
7813484
7086726
11954589
7449817
12838083
8174557
2719011
5557573
7164291
8968815
14248123
8010657
7305705
2498043
15232198
5379329
3412508
562305
14514433
3532171
10682932
7902508
2671548
9039042
3619448
14686354
4702344
7045420
16748358
8252843
9505511
4744033
2002447
11473892
13110495
13214702
9569058
2115860
7806564
9460549
8904439
3940056
9456622
6273733
11259397
9225697
7719336
14646161
16150172
2665376
1789565
1279718
11177099
8723017
15753567
6051348
4657541
10715968
7519493
1684110
13415737
10644319
13766285
8430248
16720265
13269848
1512006
2213427
5621110
4545623
15321827
7255461
1527213
6516241
1931904
11359199
5206433
4887973
9906996
4694699
10574844
6066358
12877341
1508743
12321137
13377890
14775470
2948013
8498511
7934724
4977913
6806428
767065
9628509
9842219
6158045
3066124
2032929
2237350
5711702
4022056
9728851
13169338
6804306
4950571
16246553
3209613
13911142
2044035
1785331
3348650
3183992
9522017
8910996
2132254
11526661
4985502
6093420
11963434
2810560
4876270
16153697
5024653
7151312
10071752
2920636
9302788
7202427
4307284
12731650
16320225
13370570
4524470
7337126
5034481
2426532
10470877
11007524
13357724
6051835
15346156
9368973
5552900
9205793
6614127
12740956
1478159
3834534
14610671
6213144
7173431
13470442
9274114
12072348
11597602
10685265
13441714
8448217
2890396
16672163
15484090
7605275
4077044
439256
1879453
16135186
4911540
5853039
4999765
1510339
5966061
2885002
1136347
2523392
3387154
8629247
11922291
11945717
8428413
340267
4234310
2502810
9961137
8188657
11650974
4410845
3173514
6837293
357241
15730734
403183
8113951
10731638
14442451
6772855
8841996
13058167
13143557
11620399
9307882
14851001
1379455
5236391
1359308
12737656
967300
8757583
1191189
3213325
753391
1850287
2389821
7214979
3727553
14920583
11151700
5522540
4617461
4867598
919275
8641391
14379741
9254535
7923967
10482703
469156
31164
3685996
259516
16604610
7146793
480843
3828941
844013
223146
2800267
11076863
10096867
7946815
427443
3524585
3190124
7761772
10790252
14240389
10072188
8535325
3714522
3685307
15736075
6106784
6032810
5912734
7750766
12781497
10277824
11386382
7443426
3926172
4114644
9916320
16039801
2756353
9312809
12203286
3919181
13366908
14564463
1178789
2454382
10859669
5464668
12283664
10739824
15476607
9543479
14856821
1778735
5694483
11036100
13314931
4091473
5239539
6422463
15087908
7337261
6732007
483782
1140006
11763361
12133587
2799909
5633380
11155746
10731565
13583943
9860430
9421952
2918818
12725658
3360730
15818003
12286441
6858813
16590095
911084
11242889
9954065
7960418
13012451
15529288
1943577
6453836
13916292
16126427
1728115
2527359
10054377
12939968
10861248
12778348
14652152
9087393
10978663
13510241
15834216
10684868
455239
1157736
11582852
13045120
7901195
2938477
12261983
4399734
13471628
6837853
16022770
14755739
12976752
6287248
4437509
6388647
12859413
3206576
13061454
16540496
8204217
6803942
15234151
16527097
11166707
8246311
5225251
8700842
4928244
8874753
5567059
13397673
5259359
15157282
234441
7836710
9917768
8274776
12057360
11465318
12615059
16406251
12567268
14594702
13086467
7820426
8104742
11632794
3700646
2561517
4871459
6214937
4932537
12949344
5255593
7541205
1707063
15635070
1752944
562071
722205
15122256
12376887
3399345
1848063
6206822
2785802
132515
6120584
287765
15537126
14427373
10153385
11816821
4930511
10580167
10913018
3853762
14034181
2375690
13378724
3072942
15333130
5402543
14112997
15491848
12366997
14014596
14994283
2517902
5247181
14534346
1203806
13929552
12522148
6297877
16316609
13863692
5265689
3236792
5649726
16579214
9645496
2374889
6709931
16581640
3636125
2811431
15476007
11555819
13306385
5077242
12587773
356494
16513172
5418469
1833662
15089109
14614545
16301253
16038136
1614257
5313647
16705165
7758017
1777983
15103843
8800616
8995579
14281597
9670121
12595358
15508415
3836953
12148284
3484145
506237
14598704
7552013
1261942
3543952
15553694
16673448
621603
9267377
5423430
1366539
9033817
8006704
8283200
7632783
8937129
10325082
4368712
13296402
15140295
690019
14219513
3590715
5203627
16669801
16367115
5473780
6200245
6478624
11336514
201964
12347354
1808180
15454974
3246171
9324032
8817815
16092375
9962702
8549116
6228913
16293249
13467882
15864380
7593812
9616164
13705609
16005244
9296009
4177154
10880812
3226927
7575724
2882865
4065271
11000318
15922177
3668656
7817243
8318949
1120468
6744351
208121
276697
7786103
7396152
9346252
7725534
15602547
691865
8350996
4032798
12584093
15073889
5154129
15142761
332858
10748087
9207412
7117233
7647757
2179709
7696571
14196315
4149802
2609563
8930388
3514465
13874587
9670954
2612682
7625352
5743418
9681045
11541605
9182653
8906568
13006826
10830327
15697342
13047074
6441300
5072642
1820138
1917577
11166098
1433699
15543324
5426156
7937898
14645199
9855011
10524897
2700739
3409444
6793335
862207
16382002
14061402
11400982
2260924
5610305
12663867
8607176
15371256
7406538
13777806
3131165
3151439
7277769
10144940
7542337
13721648
15538666
8694707
11474042
8045716
1604289
7605768
12063007
11735560
12442465
14485961
3221298
9962761
14695843
14721094
13997853
13764159
6645454
6379563
9724770
4643350
2213190
5249717
2936474
13391121
7164979
2435899
3793121
5307560
5127417
3563733
15204968
10724515
11286059
14599390
9249447
2062656
11872739
890784
4377437
6769739
15226535
14241533
15277138
9420551
16585302
8714912
3869881
11295336
7609954
12143575
14081771
1428991
14342707
16085623
16750842
5402541
16579171
9415170
2428325
3640385
16129894
2951497
13994753
370974
5394873
1369703
10867226
14651001
15637052
8425980
8000882
15059751
11487481
269578
541980
4899713
10944048
13804264
4281798
14817701
3309055
7865618
2011701
11060680
8667234
8931502
313866
9942181
12177123
14523785
15914538
404193
13877302
3816513
1922609
6112100
1649126
5235788
8335365
11058125
439758
6245163
15346766
14663860
13905377
3603865
1464722
10848892
16155858
183022
13711319
16291598
13291921
14328204
4400871
16510789
15356321
162627
12184543
10174419
10637006
6697533
11775779
3074383
6270700
1819100
6268558
1214330
8550675
4929024
10591047
13013809
4231421
6587621
1898685
422263
7764624
14778094
3438356
7768164
14642236
11191652
15567676
8112678
9730213
4338460
12076105
9139788
11197605
3087770
10700910
13638263
7043975
11085366
3647062
2715639
10348076
2877755
11096044
2651026
13198475
5796812
10975498
4728128
10172244
4540663
13897090
8850822
5881038
3594912
12400205
1983066
11130524
4259579
6646668
8088692
166922
7759701
15797942
11899761
6776215
7824876
6582126
6375558
2942615
4240139
2681909
4641802
13708914
735926
1933697
9326309
12657652
1701886
4256863
7138770
3205607
12405799
8000315
16108340
8481592
12853514
9774155
11888085
13048573
15525847
11796542
153343
14656093
9065117
7649671
15041778
16454488
931210
2730929
8769778
14531476
10138988
15052803
12206825
3428295
4156034
13370015
11984516
3849865
16298535
14225013
4242382
15628021
6621047
15754269
6092360
14248173
10267343
4183430
8814096
11656787
14534268
5646072
9304409
3871788
12323601
2659407
2281857
10822246
14056198
15743566
12442939
16147938
811589
5151462
6071208
10136466
10766879
2636856
13029114
16488217
12701074
4950839
7403650
15511108
301748
13570584
14425333
6757903
75335
1151729
14459707
13283537
5813992
14890598
7446102
2946451
11600545
2965601
7330386
12777163
8847631
12944385
1080829
14093307
1462725
1160793
12507281
5808254
14987422
15193413
10201667
11118026
9696849
11252300
2575636
520786
6826654
15874228
5503089
14224704
16564893
2433762
3877804
10310049
8376878
16164188
7345453
1986286
6843898
3714891
11221833
5465311
489757
3058817
2048326
13826548
2833999
14180801
337780
10514664
8405987
13195235
14053608
13023923
4917117
10656158
5887331
4940617
581
8707707
8708524
8305670
872190
10974801
9417386
3372796
5047427
1694136
1329726
12888217
6615881
10479649
12466298
10616721
13914353
11726145
11643240
1189235
13600492
2614137
11591618
14291715
8780583
5492164
13601171
16715164
12103601
10845130
6531064
15997453
5552463
10808524
11111426
1926
12538917
10853475
9352990
7818556
13655099
11500793
15158263
5862617
6965181
10319819
3926992
6189760
3504590
3760186
13680090
7877653
4013928
13803388
14436982
1032065
16403580
3846805
11565524
8970416
10306230
4615186
14376979
9679374
7868418
13031068
1079890
12610082
15538495
7085633
1983867
12012737
11790423
13282247
9569300
4267204
15727687
16049323
9340260
167786
16382560
11838158
6719090
6600738
9851854
1154864
13359245
14261633
7092269
14660806
15749545
12225964
14647932
5032287
7111149
9662368
12783252
10808320
13796900
2898701
6739399
4706147
14305701
16699662
8374456
6684449
13378094
13439645
13240054
11471169
8895863
14609002
1125404
11423729
3196555
4327660
10824716
5049683
10394405
15969043
6672252
813241
1518334
5247215
2669294
12001372
15539817
3678435
6025045
12646484
7846762
12145554
2315482
14972423
862993
3914091
4501847
650912
12461350
622335
2017884
5773616
3885367
11503180
14414634
1634481
11312422
7397024
1572547
14383043
10638090
14458409
15952414
2950453
12374682
15759089
14262683
837348
7843250
11986953
15068263
13169493
7098601
12114362
14024520
11237484
9482155
6472486
15354913
1623827
9154224
14821808
5170833
16343070
7147165
6180320
2619848
6969181
2659524
9061206
16375465
1673871
5845539
7901456
12350349
12514586
12367333
12313593
1382397
1153168
2142284
10811803
8855410
10694447
14419630
8717594
3393069
8615069
8521982
14256132
10546988
2659740
1598742
10995559
820421
4210973
1011108
1871748
6452918
7550324
16421707
4036618
6925746
2024335
12535611
7960336
5249179
10740293
2250955
7039571
12435139
12204576
16506508
14438282
15271013
12413638
14494094
11114475
13578242
1768445
2039932
14544109
15264845
11361093
12225007
9182856
6061467
15806071
1165493
4495814
4340491
6453918
5595698
11323843
15580137
7833956
6715072
16047004
9033588
2579967
15612923
1918817
16020779
6185072
15215198
9449923
7086136
5288694
2977610
156266
2018822
5641553
15393075
2740086
5195380
13372776
1210237
14215186
8576852
16191705
8115318
7241897
6416078
3152961
5158765
222428
4197562
15023500
6516415
9304262
8850432
10822220
10272151
11961554
15008992
8722257
3926429
7628136
11155515
15078455
15297406
14765082
5564190
16634957
7538136
11054398
5312436
8715414
2245478
15706303
5787587
1217237
7479187
2389389
10899694
7054172
2061648
8098683
12227539
12861284
15466750
11283852
2072790
1330795
708631
327204
5029645
5962225
15588430
3670159
10558018
986459
10986004
14980574
1913154
5625417
7224208
9715229
6914286
4350278
12550294
52615
16487444
11774754
8405277
1850450
7599101
9453302
11077991
13018211
8950205
12135450
178369
7507110
15111890
5846386
8353990
2956258
6085336
7568662
8272662
14290312
14020700
2869092
15808624
4383909
9896857
9765705
4250775
11957059
12568011
16184434
16014444
11655479
14868973
13508569
6875312
8224913
5030132
7818572
12617567
16744206
15948732
4213541
5903631
11750778
9351103
15319184
11327566
6421665
10763750
2427704
7813762
16187324
11677755
12223835
4394284
11255041
8485861
5676062
5097600
4840780
4408681
9715829
4303852
14498529
3919688
2660533
11152714
4135301
3443551
15231967
12908799
13658778
5247179
4069260
252368
10935645
1118882
9466286
2295977
7533696
10183335
4553416
15074448
4380469
2592056
5161766
1429063
6192182
6063715
11363132
9846277
14080075
5999730
10787488
136698
1098043
7005672
15924706
1488585
14378346
13429612
5095433
485294
6845976
9311037
11307211
1555264
9420493
14104818
11139491
5635586
15906164
3676927
13503612
9746402
6528116
5728109
11666943
6542220
12565722
1049004
1199218
1592364
4508904
13011157
5819528
3361178
13103902
15499630
312490
11761510
31387
15092670
4769465
6148580
9658368
10918585
3797528
4355100
3514488
15723827
4530155
2586787
10989959
5507394
9632710
15178752
9734447
14687729
11202019
3893084
8935582
9183422
2128347
13141509
12987174
4304803
10244901
6176488
6408354
13671247
12687379
14065842
5012788
4382390
13657752
10142145
1711863
7353587
3335024
11343386
15941075
1896481
10604810
13406453
16851
3597193
13933913
3982872
14140342
8329873
13028273
8338296
12570951
8148659
12355557
6448470
4429167
3908456
4719003
6498964
3044222
9388278
1436716
9794072
14091021
2144142
6959177
15828937
800761
15397873
16687167
11029769
4870931
11029938
13222416
1925040
8452310
12062325
11108703
11125502
5702200
8650390
1756197
3047194
10569530
15635063
16529449
4095894
4028940
314067
10618563
3471197
10039754
14801808
13888030
12077361
3343084
4462724
14049792
12227657
3608538
1929877
555683
3343518
495664
12499944
8991473
2569973
237001
6076790
3586704
9531938
6937867
8788125
12554447
14568613
5804961
11429266
9832902
7315110
759565
1998658
3581328
2075630
5626760
13373223
11590880
5390403
5040460
1394056
693965
13161936
11999976
5295379
16131105
14548134
15910740
2363736
6883079
9631741
6506524
3802803
14524388
8452760
15637774
13231897
4426009
5531050
2038902
15346208
8922572
1245713
10147357
15335710
14864017
10306822
10836554
8422062
4939728
7442610
15723809
5954329
2124723
13100529
2839187
12198457
2409860
5579056
9652741
12124895
284512
13831823
341505
12411501
7242968
1228515
11213250
11413719
13435053
3414976
7422050
6917650
16773195
16665107
9824807
13221343
2659650
7227743
11472317
15265430
16670718
16239701
8332114
14696865
15089956
2381615
8132087
12034010
9320555
9789982
14619748
15346257
11359706
2472466
5603097
13804594
3209290
8544262
9516735
9635321
9633341
1383796
13733837
11146514
6250582
14649470
34368
4566871
12287367
10281943
14569383
16655877
14956058
12700691
15715983
9478762
10341026
7819373
11810967
6948136
8729464
6517429
15683695
2269083
13983022
5603247
8733833
10394561
158603
11550965
13157149
601858
4968377
994016
11883357
14468384
6256486
7226395
10512204
16771756
6334807
11328100
13841421
5388603
10218582
5306842
5715353
4395706
16366218
7759763
3865619
438122
9934635
13243386
7422214
9733392
13493964
7813717
5563473
12122788
15756819
14050880
14805220
6761506
12578782
4615229
16656507
657839
1367444
14166552
1359976
3740048
649384
2812883
2444995
7257416
3978847
2738243
5023261
7601143
5061767
12578723
1036118
12379728
13081559
3124145
12320643
4072340
15786793
7804250
16516737
8723172
4875990
4140237
12272640
13655673
6557400
3568094
12120300
10120829
2826407
13613384
7739034
3782940
7591555
2697459
14489884
14204051
15537081
714584
6629876
8603292
5577782
1481884
11040593
3664056
12458678
16604581
2841016
660214
14362404
11601472
7827172
1463994
10040861
10188869
13224723
6638116
13510724
7879619
6661911
5341773
2375954
6707830
113895
4142975
15896806
7425623
10033733
12558441
10249775
1014972
6333481
15788140
2718472
7763334
12243827
10382377
14655430
4697676
10629488
2454921
3744366
9624693
5849854
1050177
10801213
3588511
4030894
6234186
16517015
4612194
16729353
4912671
13351837
11699786
14746063
3012820
2956458
7079724
315209
14509586
7973427
7930945
10274109
12122028
13138611
16344746
1599612
13508480
2376955
10073241
16700797
16454847
14204026
3729984
379782
13383975
12618017
2919320
3092424
6333259
14972491
8130398
6473974
1669422
14770792
9905408
4538277
3883393
7344552
9895471
3273905
899250
10349383
1647663
12452992
7414899
3323224
8862926
5532964
16540362
4271042
16428397
8502543
5101281
11300939
137041
7826932
7892439
5152815
4887789
9681816
13308885
12223583
9270706
1900604
12787704
8499914
14577241
15740453
1202657
7259325
10249904
10027908
5756873
13840718
14938210
1725199
10486436
7967932
12872480
13934786
9484360
8986449
1597372
14762208
15556602
13096279
12360037
1911871
1219459
864496
7631105
8526685
11554996
11897404
3100903
14378058
7296492
3525060
13043619
8682258
3892921
11578473
862084
6897414
3025400
7672089
289058
553228
5211350
10850064
10078878
3725876
12801699
14219029
8986852
15428171
9298931
8009483
16683874
2005651
915858
12912067
7408567
1674594
2247889
12714302
7001285
3325599
11353874
13751327
13200677
9737498
5850732
6600324
6347113
4357003
1796464
12996961
13489242
15344628
16054870
4279196
5423520
15968945
15557612
14802412
13191261
6323194
8096068
13737621
5063240
2654845
13343056
10512958
16706512
836525
15695085
4506937
246414
2548007
15310252
6808752
2336977
9532122
3129395
11543635
15153898
3961006
10202626
6004422
10257784
9830552
4948187
5343468
4249125
10062653
14424590
1971072
14203494
9630858
13898526
2737062
13199997
8804561
7150816
5632527
3372253
15658866
4628733
7671682
923177
2085345
2649785
13130536
6847438
9158246
14190506
4052701
6432396
13518316
7805633
3514106
1038863
2319093
1113486
15326178
13011
15781563
16630827
4399051
7724737
12851916
2271735
2929656
14368
8262900
1695870
6392408
6363675
14593918
10021011
6509704
8611788
9474845
13226651
10627597
7836213
2211335
15034917
7565332
5432824
13289146
15708253
11130819
11831621
13357397
4823398
4223232
4324948
8125970
13847057
11978608
11453457
13734077
16394032
2339118
16447514
4744531
3104450
8003978
6113544
15474458
11933237
4788527
9169374
635401
11164065
11019259
7865786
9008470
3739048
16194706
13069670
4700643
2511922
15790110
7541307
1227084
16144125
12283530
6196545
13510134
16010989
6009894
14621831
12215614
9679811
9963672
12052933
8321965
13892918
15537811
3009766
1639059
15951239
14425327
10634763
898731
15522283
3255213
14138246
4591459
6594826
2028467
16067363
6576695
9312149
4978781
430567
15115142
15096098
9160189
9764146
11911150
5456730
7147931
13884031
7436857
1191364
4764170
4320964
8994151
9042067
11248414
16752037
10526030
6105918
15729194
11926120
6859826
16250915
8606333
12737588
5066622
3096052
5928553
549559
12775527
3030578
10401360
14287146
8221584
11272804
13462402
4882092
9421361
16145441
5873589
5010286
2379305
14775318
4573653
12002090
7217408
4930196
8001788
10115830
6819837
12493476
10254149
11372397
10386729
2033755
11070144
11897952
5269460
6311609
4741098
780817
14558397
10267266
13748024
7420800
6107059
5865966
4948017
6077734
12410077
656315
1015041
5919861
7422970
4778942
6813008
3294466
6554899
14464654
15066288
10793638
176259
15097805
13756112
15606407
16148243
822657
4225584
6846859
2110147
9971876
675856
4976420
359995
12634941
8259313
4415590
6363629
8284540
10903922
8980110
4796276
16080233
13984617
15922951
1792903
11569066
1179482
5111504
3197114
10366915
11903417
13185193
154920
15443343
1861836
10134258
5739032
7511734
10784382
6271898
9374366
1584102
10264766
14196187
8582804
4909818
8691331
16371970
11546510
9121191
6829992
16594847
3022070
3627480
3474144
7045543
11083905
84967
7339493
5674348
14711278
10698085
9932492
10778297
7555712
15891526
15354471
3511775
15032150
10580646
13301562
16768879
936175
9206417
751448
13188340
11100902
75036
4604994
5270354
13918500
497968
1846429
3450356
6592857
11443366
3010386
4516448
1433282
6820830
3780467
7349950
4672827
15783553
6128079
5881434
14582988
4575230
16458186
14311417
15147094
8876365
15676614
15033754
11918904
11846918
6563168
16181957
548636
14443994
12519199
2877347
8402842
16414569
7675906
14954444
15633359
1239176
6065515
13541099
11372544
9062407
11368166
2793059
690081
14289788
11182528
4058383
461251
14320502
1018990
10135479
461455
14457941
658670
12913187
1480936
14506941
11197935
13332413
119946
9156851
3619328
13112402
12842575
12696868
10845909
10942633
6501655
8315129
4200115
10531583
12397153
2889462
16309268
3128504
927675
282969
8170786
11302183
743956
6319517
2230038
15479978
6089007
5470306
14531552
7870540
2194280
3442497
2918712
13765557
9890656
7741060
5743075
1303788
14020219
16578177
3462291
15682131
12295249
15349551
6175922
14818890
14658642
2252389
2410490
5080979
441434
14735970
632052
13714885
15288000
14167166
11447518
7955510
3218250
539998
1758712
4949600
15705023
5598562
2160457
3558737
2417858
11218509
6017841
14266624
15673580
11887956
7560826
5052283
11520741
3063177
2010399
12797090
12411734
3416943
9544489
6914116
8064333
9536548
193553
15300593
12534010
4020289
3447712
7853009
4071705
9606195
1643476
8122748
14037607
628438
15190084
3662435
1993893
15169563
2637638
11502765
12673380
4303565
3935755
8433666
2468489
10011093
4631954
3822069
49052
11157164
7036768
7213413
15115038
16057292
9752992
16388312
12575505
1138452
6175922
1951397
7701479
14781753
12266930
10338359
14314774
8198536
12657040
6060999
944886
11505316
13671867
5808608
1858265
2066213
9953796
4021354
15016571
3135617
4192383
203825
4367400
10072244
15453592
1424355
9400631
10869304
14397410
11181601
3563726
460270
15851513
943012
2238825
1364085
16106931
12403908
14789829
16273831
775165
13437060
13827575
5329749
8087949
12135274
9436037
11394021
2866658
4125990
6001425
12452799
9198096
14219354
13833367
16437470
11734059
9907469
6312906
6524897
9760108
638221
1068177
429943
1854851
3168942
2655959
14068637
12883396
1546115
13049895
9016305
15761582
7997443
5577398
10149026
14539689
8428165
6749515
7448882
12340710
6663566
16048942
3465899
10542628
7976363
13036278
10829276
6661734
16435166
15919329
6208106
11975381
3443379
9938837
5654146
4073904
9778366
1461459
944738
3916487
2105696
3644651
7609306
3410930
13755891
7253618
5091352
14293978
2276354
1849126
2929245
7050668
10587794
13694068
359166
1884100
6755212
5582543
8932934
6170028
14747705
97594
1347584
9091395
16409133
3924071
14199851
10607274
1246770
13119741
11000425
7145516
144689
4692558
4422960
2211828
1203381
13355534
10412917
7826090
9053520
16258803
8260250
2301625
6780197
7054016
16284751
3186988
8013576
11618459
3675443
7904002
3245005
14471225
12586495
4003906
16071390
6646518
5125059
7397206
7723474
12415990
3589863
9354679
7131580
16446602
3930034
5901557
8008826
15511896
359573
2891297
14285521
5355375
7376416
8156362
521690
5625065
13794783
4555429
118288
7168554
3300102
13739461
11832696
3937281
10088070
5197558
864457
14606339
15139194
10360001
16756613
12725979
12996939
13734545
5939506
6572838
3640132
13181329
14851619
9913946
1834370
15975383
5879589
13162142
4460756
5274068
12390063
7780002
16701528
12841829
2567564
1920543
9063036
722706
5510
2538777
14602457
12046564
1923654
8439540
8269400
16424736
6070947
10532737
7465404
1178736
11219111
6463181
5417674
2899815
13796950
12944467
6106533
6886952
7128976
12364437
11413264
12245772
15284806
14780504
12693193
13384336
12383626
12901808
16666401
11126833
7430835
5916291
1925633
2196861
8102942
12119903
5448861
3130317
2717239
7528464
3984660
11221986
11967824
8476335
10650039
1296491
5917296
776667
15968094
5646799
3817376
13084179
1730798
8240675
161448
15822620
15054463
15649519
11126347
10942235
5655310
862208
10954305
3168418
14942677
16585471
9764711
2563849
2764357
8395358
3561599
3029910
14500310
2851784
6016316
1034635
11209622
7979737
11120859
15806995
4321531
3956724
10495726
16551786
13271774
5494627
16298815
2731730
12504486
7325147
1319037
15536890
16204056
15349930
16122604
8821488
5291804
16232323
7942467
10242225
15037433
10409327
5258195
15063690
1319589
4788589
14675847
16630811
5892161
10444340
750945
16529069
3505936
3069803
8856823
2953479
6096690
5686035
15104681
12114926
5119704
9781203
781159
12611203
944041
12970016
5452542
1202026
1645782
9075241
13972026
15736014
5869504
3007121
15319429
16751959
5963101
251155
8444044
416453
1428961
6197982
16016079
5004875
5694027
15811984
3077668
5916434
14131710
12178838
7984540
3535031
4688023
4214171
4614727
8340711
547196
9427780
10273086
2001622
14065027
16760628
14067733
4537853
4620019
13052118
6150654
3334428
7007318
14002302
806865
5509662
11896192
14632482
8205379
12299247
16236154
15529550
14348497
13172802
618727
13805414
3790131
12731391
8095350
1024992
13310361
1358811
11527940
408732
7706032
14529988
2567242
2089721
4787351
13885176
12530846
10894790
6216522
2614695
15855257
2779645
9386826
10025282
12991534
1551435
10951035
10061335
5432444
10208979
3164997
15638400
15636748
8185084
8296978
7888966
14186574
12844403
8706157
4001534
11002708
6171584
14040505
8593904
5741517
8583619
796026
13562802
14844296
15884739
5277906
8142269
6939052
14051556
882141
614104
6977819
14440145
14023053
5054475
2527905
10997714
14486438
9149093
12671647
7843044
10194906
7478326
13056384
10508029
4081290
2015580
12111841
2056162
9072090
13013807
2540307
13416902
8253962
10695559
9534993
1213048
10901361
2906891
2472295
178661
10643686
8301582
5013522
11052201
9566792
11868080
10969098
7795202
14264396
13605374
12033023
1842972
8980250
5372687
14191117
10937536
2101320
3752810
15346132
4108565
1557471
15062112
3399429
10959539
10811738
7126548
6409297
569851
1012722
15916683
14971852
5411586
10833995
172147
9814780
5579553
14949813
14176123
10628133
14145259
12620271
7708034
8399383
6507171
4145365
498727
83848
2150517
8446384
6501759
16754461
5008114
16582399
7164091
16082547
4485516
14347972
10008166
2011662
1378187
3360827
2163273
4393172
15531244
11021808
5165920
11652911
6961695
1729983
1663304
11167113
9389809
3201853
2396750
11866441
10975658
11820637
9586135
10068141
4836371
7869378
556764
1879439
4832533
5478222
5340584
16620873
13727266
9325991
13584294
14313505
2538798
7180011
15297439
10026351
16307347
7654799
9089681
13197880
6428389
16496350
16448498
8482748
2446999
12554076
5894483
5247726
7059262
5480664
6127865
5487350
912510
3915456
13580028
9663289
15944157
3011442
14549989
14429136
11395816
6637879
7730573
6673406
15428417
1101386
15111530
2225048
14756622
11905184
11812140
10329880
12382964
418980
5768819
813337
14692257
7078334
13887474
16398990
7438681
4112795
10016120
13261991
12116398
2630289
6097780
301096
5580835
16137820
10160772
3016352
13017479
6994114
3696466
8978849
12418733
12372647
8725504
1789002
6863813
2739434
1457256
3378063
13849065
10743655
13433555
5926016
10546976
13949030
10844949
1933019
13630714
2582188
9758190
1989668
5024935
10440698
7239577
14646781
12228348
13212052
1494021
209263
12249432
6278873
533424
4928409
12154397
11288063
13774698
11320243
1415057
9856506
11326533
3127919
14001961
6458936
9420120
10773604
14273658
11161628
7253353
12653494
9421358
7716104
6134945
420646
11595605
7821284
8280623
15952866
1692315
6194843
4233554
16334013
971271
15258243
7783536
10920965
15507023
8100731
14342283
7664606
4944010
3936838
11100761
13969138
2507885
14800927
10007282
11714602
6320471
9550432
3737190
3653249
5004948
9668577
4325189
5152748
9173627
5097262
3815674
10389976
2038714
6639698
3442727
1505312
15857988
5724621
10616935
12993193
12304562
12969403
11529530
12145386
10772322
13443997
7885887
1643918
2038905
16344718
15014805
16447254
11996489
3794684
1923167
6766036
6475185
6905154
16664549
14574917
14907759
6622275
4264733
5908090
3607252
1758417
6875306
5433
1646038
15953979
13043746
9192326
14657086
12173580
6206734
8758441
11104698
15892484
7054721
16564397
7531603
6939413
13151461
3159231
10033689
6134222
14990349
168255
15001177
14897065
8874023
9627105
1488055
4247076
6201998
4641741
7707121
791114
14188462
12331190
14061902
2821784
4833442
6169966
5418008
12189331
11463627
10040599
6235363
1209333
11648000
16060438
7157197
4377503
16312167
14472223
6557171
4608174
6810631
6303913
6538308
15276873
11006486
8548241
1253533
13955145
2887870
11691727
13914595
14144806
2801425
10489719
14775864
2725958
545900
5877551
3488252
2023284
16166271
12082274
3893632
1130537
4060714
7784846
9089538
12726948
1289009
13884051
11523998
4954985
3899350
5987201
357162
14577596
13620592
8530867
6110587
12020290
13146063
16653105
1554392
10514399
15771408
6085693
97321
13612600
10215693
6851633
878221
12704801
12068700
3713805
12015509
14677772
120220
7732106
14205983
15048374
1476967
5139509
9774024
10582992
13015879
14156345
4198932
2204683
9992266
13817762
16345607
11491752
9850401
16442831
15720248
5669324
14878302
7063383
2164901
9135750
9340121
10335616
4885235
15468653
16682478
13401197
16000996
12781406
10198344
11858241
14243291
11216590
10497707
1284672
14950716
5129344
10021285
8743730
1506166
8679148
12232223
9816890
11453217
12780880
11718218
16153993
16129153
14147302
1788750
2190912
10828914
14391522
14965389
1582142
5999363
8691019
15436991
1525017
3950053
719245
13226803
6945449
3857597
15577521
14517068
5864811
6700711
4295307
13091039
14856535
1181371
8137048
14732685
10554640
6909273
11243700
5477246
8029814
3723271
7507642
13953619
6537023
7250463
6001478
5576694
4577082
9812127
8307175
6112219
14513815
15743952
14861460
3195750
14861350
6352683
12438906
2948101
5031173
6940652
14684229
13084965
12831762
39583
16604702
7332300
13383820
15289275
15080521
11739843
2327138
15562547
15675011
12925253
11563092
14227268
12706954
3673880
6049894
13879033
3113118
7265148
3537963
7786747
13378427
7919741
522220
11116163
1683065
4472100
9419866
13746098
9873738
14093761
9470095
12388723
657075
8550966
14115427
11737691
5770098
6735123
8686194
15212565
4327881
645921
2330338
11559110
3771533
3965652
15054129
13295043
3530696
12339388
4379091
3758554
4710450
2265602
7539446
14920932
1069164
11314579
1030184
13377508
648684
9634633
13807729
2652970
13440890
68592
1031897
5650191
12304222
2445021
15942915
2646849
8643960
1611637
14222967
11604276
10853886
13916508
14331706
5036494
16210670
5385593
6864396
16363427
1071847
10357486
6319322
12992875
16033174
8184173
16056690
10659794
6745654
15641058
5839140
9755988
15611549
5251264
11493441
13445948
5124951
10561583
5795411
13045436
11919103
15764079
11546264
16233155
9288004
12131942
10717636
2706714
7538961
2922571
12578411
7975504
9976612
1044810
7556517
13681053
8388895
7694616
666508
15512914
2003066
15652654
5944911
8545327
4508444
7578187
9335586
8252918
10608274
689875
1319422
16516086
1858732
14071001
9057193
2691952
11107230
3643565
14164279
14048052
9977684
2405523
434317
10401966
13576655
11941515
4879550
7249263
11698528
12452933
7394586
566778
7868418
3640826
3837158
6240692
8842041
7528712
456478
1667095
3405167
7392345
7476684
14140891
14896341
3975259
5304346
5820705
2619488
783340
10460064
12615835
7814148
12745730
14743590
3871683
2319942
9235591
14272314
14612504
11317176
10142984
14871291
2832205
16108650
9854499
11276913
13188287
9318898
5808325
519790
1213245
10449453
1903844
1055321
8180585
13851634
14808132
233875
3064719
14207670
7257937
10858493
13853501
7433015
1099649
1119577
9520039
16509960
4145917
3681019
4430242
10639877
10339862
6936104
15919904
7434649
4534396
2804189
2064858
11240450
13097397
15179000
6237196
3827385
14094292
15577280
5042700
16213793
1436121
13761395
4988174
15663228
14849113
13162401
4619702
3557253
14500050
4186707
10045405
9829241
9268911
1773160
16639548
4426101
10571042
232476
14325403
13024855
12028489
4391734
9397537
6201492
5962219
9826589
7989318
13267656
9567586
3895129
12268024
8248261
12848421
10043617
14801067
12003980
4142061
13402185
3961895
3834294
11010644
11750188
1282882
13779669
12719955
11833834
11819660
9076325
4418408
14729263
6216664
15866219
13243494
10969198
4169977
5377567
12283160
6232596
4033926
7025176
5253567
14509567
7619568
13095890
6832354
13388743
14099901
9086020
13632825
15308017
3626852
15132888
2574715
4742305
6941477
5292923
10667858
10870900
70289
8279815
10819231
15930954
10263071
15194096
2602587
2547224
11958194
10192729
13717024
8372949
14980243
3351437
11002583
16233838
16280728
16050109
5023231
6315188
1601575
7882557
13559136
6519652
10265488
16421100
8410519
13757616
14702756
4990773
4832347
10395719
13822251
13759778
3370842
14628749
15030123
8267273
5862140
7126728
2748847
11962752
270872
11647772
4566693
1690651
6124135
16519489
9101547
4519318
3153499
13433785
1206071
674228
6807395
6050926
4004647
11276941
11849291
10053503
7551750
12261242
2822688
5662542
8680199
87723
2285223
6984436
1996133
14080063
1018222
14128903
7914819
4452255
9003653
6734328
15961574
13035608
15463083
3710122
255179
15367129
2340717
8097797
13328389
9589579
630251
10584986
2065579
422904
13580776
16695235
14004332
2257886
1362455
14876119
2265297
11136611
13012983
16021962
2379509
5416926
3888055
7297831
1859151
3870559
10245302
4615338
16745870
6995708
3501220
12006706
1037468
13886891
1532402
4786551
499231
14197348
11220646
8393573
10328624
2673336
8224530
8969360
7636441
15408174
10243187
2592609
12051686
13643576
4724957
6412245
12309574
1102973
5856349
5566293
12134849
6157713
2232034
12623227
8185194
4559626
7781678
726011
10166334
14462778
3814042
11894173
7935360
7896931
2869050
2745185
15181779
3747842
16157524
16436796
3059904
13323423
7201514
868137
1724142
13085979
14275501
1171045
4208914
9610427
1464098
13405999
7962869
1088569
4595346
6608851
8869807
794012
10122321
13677939
9353609
16149470
10464040
9610341
9616366
7212000
8939560
113749
7296607
16643959
2058461
8763151
12958436
1868346
6525797
14218592
11134861
5536824
14110947
8179487
10317300
11362519
8952226
6181255
9760799
12594697
10558716
10537481
10064161
4671648
7245170
876433
1426698
4474295
14730342
1936974
4361343
722987
3852472
15453877
2366025
13648848
920238
4451040
5278902
12963472
5897468
11102299
1532028
8114012
7162633
2653796
3588996
682154
13710051
16757155
10832289
12400781
16566593
7752025
16217451
1376267
8085995
871893
6271589
10327104
12942287
12176761
4432489
16618973
439597
15957062
15760099
7293921
14971700
7341086
5768865
8502904
12427466
122798
15070456
12935372
7800765
14323875
7207514
10745607
3258303
3518971
7174
4540219
3268297
7645817
9097725
2986136
10313827
9254861
8917308
14621609
8244456
16626379
16741252
12644659
15961692
2236063
6729872
5169883
11472554
4719907
55696
3127519
16367610
3124229
12113872
8243846
2249704
3544894
14385158
14433524
6105815
13413873
2261637
12557361
3729555
9666402
5426948
12961735
15764811
635718
8661723
8306582
12693437
15343717
13822027
9521913
9575841
5136625
7774857
4625745
12163733
8714113
16570367
9502191
14718090
2050761
15706704
15342372
14364299
5048007
11556624
6685335
4573452
2790219
687646
12130275
7220984
2472356
6513442
3769016
7301870
6341973
9739550
10186080
14045548
11380432
9331645
12749153
7905743
14099714
12521498
3811044
12572153
1966591
1121161
4326717
16100680
2786365
789226
10281736
1089249
8309524
494115
1786866
10064484
14325759
9791912
1438879
8636130
11119141
10617993
12570394
5944942
15051363
15855395
9493986
13746028
3086886
16487960
9945669
7969622
15334148
6003614
10817258
9924079
5247236
15249465
13447326
11694996
266878
5986760
8622015
13810507
1976966
16505302
6717930
8485920
7800947
15188312
2765679
7076099
14679007
12302120
7081514
1905492
355802
5775524
7401139
15715693
7300614
1334076
16767453
11013659
2820372
13502080
14586767
1674678
13156264
2052525
8298017
3483114
4325804
15066056
2911753
13071142
16556441
14432569
9087275
4403995
3786225
960404
13922597
15642010
16644086
10497984
2751977
6178939
16334864
13649320
9032300
6214506
1315226
2583158
9367552
7328587
12545414
3259208
6184460
15376345
11700298
13327422
2844509
71957
6054174
7043414
1305683
16774891
8258364
15271805
103528
12214822
13523025
12309678
14839119
4962936
7802296
6426251
15883374
6477212
15912391
15664757
10514138
3804494
16758791
12179683
4658390
16551550
6031926
1679754
2057292
13893669
2847197
16194204
1817430
12882204
4015650
6179597
2261081
5526120
2705725
7982903
15164347
10892102
3017380
4041035
5430802
15908790
5163481
9042201
7807386
7828844
13044427
10474981
5684975
13914955
1275366
13965875
3236076
3239418
3695731
6932585
5094081
2227116
4895429
6881708
2680509
12530878
8851270
15366439
7689972
14594878
14662685
12870856
10166728
11740991
8951931
703058
5684099
7443196
11170368
12221393
12646897
6902351
13440942
10825301
6360213
11021034
7905340
15006398
14369812
241329
4824728
14927875
3101942
14483728
422855
1552958
8321926
10570283
8979437
10423984
12815177
12864781
6782439
2727924
8340079
16739886
12155921
14109516
14669853
9361866
8515443
12356419
15548386
5162789
10331385
6495024
14868371
13248356
13812906
11641210
16113397
2444094
12524717
9197851
2662410
498374
1277358
13110723
11176118
2963699
14342781
12969533
6258580
13446764
12616267
12542868
14353269
13164799
8442340
9148688
979858
3424855
7501807
10970220
15111592
10856661
633207
6380919
2395719
15675136
7331478
10233877
11184465
587688
8635579
1898952
8895559
3921295
6875578
16389984
8198704
14316906
3623655
10348017
15530411
10278209
349892
7562385
12494538
15254887
12419477
7350566
6022571
13950255
5507148
2552626
13022525
1305127
12162193
15043448
7736416
2479184
6925309
10385785
13345474
4704076
14562669
9756408
12738490
11766438
10631363
8252766
5873620
13593979
6169866
12042680
8563033
4426121
971295
10401827
11114624
4034783
16011922
16127754
12787573
16592578
3076634
15350183
7578633
8308
15362918
12276413
10791358
14842021
6201574
8237815
12958345
12465977
10401269
10524577
2117809
6145122
14251448
11945278
4567064
6025261
8295542
3760018
12547538
4993035
6037581
7012296
3878251
4173011
8956061
15890478
13999955
13205745
6759056
5669719
2070322
5284069
12957280
569282
3658184
15306082
10361788
4066867
11227283
5236575
14157411
5376087
13891273
16349063
1265252
15688783
15775676
14749315
1375419
15362961
14098080
9392292
13006289
2432852
7446884
5516285
4961533
14731932
10883067
1187571
4260089
11862118
8113369
6111196
9856031
16348005
15461770
10720369
2455730
11517976
9812465
603352
16476499
3064662
10015231
12830967
2058040
14955155
12697359
5061835
5214742
13509041
4865541
12302185
14182139
2739783
1878406
4968481
12643291
2751919
16664868
11941837
8939882
13635958
7660840
14338446
11835929
13993823
6382083
3531368
4184021
12041195
11459589
14835913
11491738
5507587
10584776
1798954
818462
8072714
1760756
1808129
14967778
2923300
3693843
15664883
11198369
15380925
8217346
14636492
6798207
8854589
539667
3147273
15396156
10297027
1501409
14260613
14135518
4939656
2586093
5166987
6430481
6947524
5033417
82538
5791228
11428534
11343331
7668000
12491727
3025070
1430372
2226489
2821707
8307261
4868610
13335624
14213387
14099934
10953939
3864250
496056
15958821
904275
16562854
9282218
16403319
16299867
3355737
8721674
41485
7859909
14506113
11248826
1553732
2668945
14790634
91853
16126389
11485680
15244474
1935226
7895818
3725487
7028406
15320089
7964429
15907436
11224979
6797390
607754
4184861
15904518
5754327
15600471
14446328
8488853
3039314
8109454
9703081
11942189
3303919
8806286
14882900
15700591
3394634
1158389
6530541
11645259
15956036
6465675
13860780
4371542
1181722
8302478
9094612
16199206
4861471
15711778
11176822
4809722
8967870
4147929
9438070
5754968
8123842
11370670
12571262
2789204
2450766
4930963
7129184
2428520
15388526
3302649
15150749
1944638
8872309
7982048
6574167
13933386
10853295
12218562
3123804
10280166
7053904
684047
11661102
6608048
15194103
4691595
9212088
1106568
4893016
14843642
795576
3632024
16740304
89983
16254554
15577855
3774691
2311892
10100289
4209779
2000480
6520771
11176309
16300925
16407538
16096252
14571310
3082827
4720102
9914572
5638272
16204612
15020040
14695323
11860519
8743789
10804631
134401
10326770
11878285
8810463
13728267
14383665
11440544
9454229
15763179
14583590
13005586
7709181
6072183
7158261
9992665
11144346
14798907
9395770
9131302
5983946
16655520
1443370
8414507
2870587
5041238
1338350
7684163
416986
13714306
1578474
4195932
10742101
14914352
4024374
7327441
14508715
10988532
6713389
8589625
11007712
1730720
11412325
1688855
12967690
14831690
10667791
15161183
12888612
14901618
13195697
13059360
9337250
8119701
1629496
9931052
13156832
13004168
1289398
8899784
15514812
14697086
13146844
13686441
9499020
15406264
4420672
878054
16047726
13571676
15576747
4409095
16464005
11967511
7478589
6300327
11709199
1895872
14636020
11879599
10629621
7277485
15347307
8803381
7065981
9836643
12480717
5239837
5941989
6013672
4526246
10697335
13701808
3925846
16223273
11458184
3980908
3334809
15645011
4905957
1721828
4566266
241984
6785077
15953159
608106
11979907
3374235
16242054
10098948
7150166
7202303
2777973
14784702
15533911
12583944
8831704
15066575
2699887
3947505
404158
3495021
10195241
633175
15786090
7741938
1095033
2393493
8570781
7809770
4661240
3380417
11846691
16637632
6736790
3243762
6293628
5076101
13813206
2526480
1210752
7295399
15015261
9527234
14330913
15850943
14507646
15989447
6116485
16553047
11325745
12664266
11457027
557241
10561632
318232
4849551
434807
13120251
13977429
1228133
16099662
10886018
3333694
7065205
3050916
15617901
2145517
5482418
14575416
15142466
5475456
4232976
6607739
5201168
14446236
7370337
3881678
7862567
1954366
15925463
4272476
7006620
7283003
7436882
292590
10910117
7321436
3707066
14762993
5954617
5162169
15415012
15774404
14607386
11207337
7491451
3165394
10636673
3080153
1182202
2253698
11833222
9411906
16145788
13347040
2282617
15585116
1876390
4676765
4580711
15992799
6233798
7616448
15704092
11460264
15240721
9648498
6573494
5587067
3635193
7775118
10963586
97674
2663983
15049445
6318656
14279723
9269215
5798118
4142569
4528117
9737562
12892936
13367087
5324349
15289469
12108100
6800645
5032793
7856653
6645864
3816138
6788688
14047169
9175181
14864946
7200901
4870434
3135273
2422214
3638220
8208900
16257303
11073186
1760819
169260
9992346
6886788
9689987
13569382
9238601
5940820
9311739
2147311
12735809
12326624
13088100
15552166
210067
10699335
5467109
4007390
7023950
3802931
1635109
11195549
13987025
8826606
9396545
13336543
4169678
3542129
13459820
3292640
2765268
10934978
338025
8637317
8672135
9697160
14883847
11019227
15136022
11273121
11744810
6232396
10473956
1176850
15896271
3076447
6513883
15454222
3923017
13757107
12636517
6803878
8184919
10698134
7923217
12177055
13330198
527929
4839578
15958125
6755973
15580257
15921733
1358691
1129845
2234188
607922
3820485
8091354
9133568
7919436
4340069
11523899
7026589
203954
6852768
3846848
10421664
1819889
15158139
12510046
13760871
12387924
14145391
9509626
15687097
6543277
7284279
14210825
12042348
10741982
4497577
2045254
12022745
10186136
4531943
12500630
11506203
3829254
6302259
14651040
11723262
14075517
13172864
12138291
10453730
12639430
2497397
3362295
12347966
1446205
1702529
10962980
3795347
2672735
2372581
5530175
2430521
4390555
2228342
3351531
3857773
7653433
6584539
11596541
1427820
586174
11379913
6566570
1679732
4911782
5790200
12560111
2209955
4017051
15936835
4499211
10442884
5063749
145722
3955854
3459272
6672368
14504882
7404892
4534971
8027044
6455035
11585618
9663450
16265177
1440998
14321740
11982624
15656075
398236
16450468
16459310
2734600
15463058
16718323
6578730
1323113
15138119
11805995
13506643
870863
13518144
11206302
7462975
7657227
7632682
11629949
398321
4460883
3112727
4081654
11764930
15624760
8495919
14337268
12426642
15770552
6889841
1167885
4304945
10681410
1791708
16254876
14687779
11378255
205527
1753953
8201301
4626066
12481291
203583
14370598
8569356
14824819
10180748
11672123
843742
13100297
453366
12085259
13229593
10191012
14727541
4798765
8283422
916310
7983870
6314134
7848225
9363810
144303
9791280
15028305
3818773
9723939
11063190
16166669
2993384
5296434
7093755
10833398
11838
12493379
2208542
3451010
1344247
9914884
15928159
4227226
13469825
4592013
7783328
1032072
9293784
3215685
13994465
16677237
5664829
7419360
9940579
6070113
5060996
6695440
3691582
2317582
3952592
15656068
10484056
6839433
2037368
7625171
14845288
7948922
8664740
3136676
5495740
13678027
9593482
12572607
6960613
15082842
15906155
5219039
7519242
4534352
4126694
13818734
8547989
2564252
4351695
130374
2153606
6262756
821577
4095866
11603642
9835569
1680456
285164
13076615
9568807
8836564
5246290
16292350
4454198
1214875
336823
15496465
4932077
371443
11322155
14019730
13915377
4517054
11425861
12946668
1004835
2958897
12107217
4261520
11598504
534677
3089764
12850206
10086028
13739710
12952152
5387178
16643082
3408870
4877600
6931894
10860237
6815658
15041227
14875717
937167
10922704
5327073
9222851
1010485
6259206
2589924
8671694
7256610
9003103
7707887
15731494
16388219
12247508
8830683
11743157
14864813
13038988
12819172
3535054
5193562
2855655
78245
4500175
544191
6533570
8133835
5036550
12455484
11625925
2386804
1924328
14850419
7902403
5758769
8512731
16586641
5810244
8025469
16676096
4116999
14602801
1852979
7459353
11238741
2836770
14377621
16618082
12695449
5689896
5025401
13628964
15020833
15944613
14222094
6733017
15557299
11042275
2882405
6904671
6577076
7098685
16762603
12549383
8777689
6066589
10974494
4014655
1990590
8733003
15518659
1881249
15230048
3452335
12543941
1047493
14953887
7983604
7024347
8407532
14622645
14594067
6239044
10781525
8077536
1616874
1628477
276148
15200002
2390998
11206859
7608622
11404912
4904300
228069
2687510
3945619
13413863
3579161
12520658
7886302
10791094
16767731
8668572
13950515
8166262
2619725
10472546
1332892
6280103
2903967
1418761
9746803
1724786
3614183
1437482
12905047
1818515
1354252
6635876
12629849
16026632
6240006
12600174
15830681
6240933
7369929
5025842
12148293
6121671
10208090
15593221
10411220
5684324
7805355
13316600
6342185
12179828
9662173
5757541
12245091
13194893
2759375
11728651
3933037
4920683
14092569
908065
9097328
7062837
8491520
14924636
14074499
15561129
2299719
4902
10258288
11246745
10404861
13519615
10220362
4222207
2011355
13776382
5588295
16282811
9087311
16307575
14892168
15458193
14690280
6590860
3147567
6675727
12196770
3515496
14506556
1567467
82163
13501211
7901283
10689904
11018917
12814581
3274165
4675509
11011682
16706102
8479959
1296252
2311128
16421251
1589084
7910547
12489263
15195907
14540632
6132081
15604687
5927212
1370268
4455593
12279230
7392754
5676387
14240194
8634497
13466563
11121203
2409413
13220827
1706264
15995301
8685063
13674269
7481348
8002729
3587627
6379791
16634064
6747163
9470688
551463
7659638
16367766
4912516
5939240
3819768
967478
11826182
10294733
2605244
2971408
7415107
12453861
7560308
1367696
5485879
11550677
11311166
5120541
4395652
12953143
4695614
12927246
2243930
6618226
11837198
5573286
8301539
184995
2017525
1497863
14896460
7287690
16459486
14540206
6013403
8782990
14023090
3774945
1820302
10477600
11368523
1051630
7348615
10710436
1200781
13750470
16262603
261315
6787383
11238868
2953830
6073889
208561
10626389
16711932
1231760
1084964
5931791
11028325
3097885
7314282
4143239
12935134
9555901
13098391
2651609
1983536
5090128
16262728
4239359
8673008
14434500
16271590
9281175
3689217
14272020
5255497
12685348
2785664
8956353
13039156
104176
13300466
9827162
11530905
7668335
13202959
16634233
8192396
4150033
13146925
14796227
485231
9755678
4060819
8618682
8171519
5393123
14493333
11194483
5217938
6210869
15532037
1178918
5731635
16542782
12988353
5751948
10417103
3578134
6703409
5103427
13421088
10995886
498762
11663828
5618658
10066172
13452785
7468210
14644327
9508036
174962
1414739
4016895
12742994
11662926
3359839
9803236
11965769
57585
8006115
12248146
4581889
1820148
6348440
1749033
15852872
5055207
11282859
7550052
7331259
15759372
12577792
7728663
7644726
11007696
6230891
4706122
13588146
14393411
5522033
2737204
11911111
576251
254377
10998719
16639719
7261227
16303775
7825565
2506217
13422894
9997085
2424254
10026951
8229005
13320548
12442031
2501746
10813373
3155460
6625670
11949949
8015710
2701945
9853745
13716145
6297857
3074959
10909806
13866807
12150118
6223331
11799076
13538645
7428364
11259455
2730783
6992414
1595175
5456043
2466785
13209801
6122793
13312839
5157682
13372534
13106978
7874908
333415
4056111
14016245
2178399
14762906
16570999
14226136
16743044
995664
10588288
11151436
5876379
16184846
636306
8259566
9910563
4732344
10297100
120701
16675142
10749264
7229371
14949166
13579646
13504601
15218175
10075587
4375197
4015739
1491394
14778876
5662819
9289944
10266732
13730867
2735421
1372397
13263986
9389369
8787941
5991240
13513234
9539903
6207412
5288172
4012502
3627929
508491
8227557
13623671
4739317
7228586
8473539
7277189
10700066
14409707
10053973
3707517
3953452
9979884
9208595
2583599
3280652
14943504
7044674
14993614
9500304
13400442
10773426
8442911
1856246
1225755
12215141
15517081
9955619
2795384
5366679
14822363
1453448
11353103
801765
141743
8200715
11162249
6856959
6379773
12988607
10079648
13883525
11424139
7475248
5305814
6329225
5300673
15418824
13314070
11004992
2619769
4364696
12383461
10118956
16090487
643830
7483585
14568910
13582208
3354406
14219744
15056563
10105831
14612326
9230932
2575441
1570497
14219575
2843396
1174077
16630078
1456281
10224419
3846658
5495067
2010689
1712015
13466417
5762120
14225150
10848046
10521565
4680339
14400992
4795512
13398905
9434880
10034179
1200353
15287582
5621896
16454211
7221569
13196975
10869912
9791940
777970
11930
11479671
14218183
9985929
472380
13972643
1999165
9251453
16534866
250080
15266791
3553594
10370279
15520048
5061565
13959279
9471534
7331775
8126197
9935640
1984636
6152285
465754
9727249
1468527
7362846
16595946
6242929
14778037
13583981
2464749
15595152
8987476
1599801
6140553
6624703
4346167
8619187
6899772
9406160
10669876
13588001
2539822
13947409
13029933
5472069
15756769
11709823
4205977
5822102
10819746
13854600
2655946
1496020
16365394
3806086
168298
7270537
13527500
11160232
6939070
8951111
13689903
10264280
640704
11309380
3640207
10478987
7427903
13757102
11704253
1072358
4959384
5308644
14398289
12161104
15044869
12605033
13113793
2583467
2144593
3675236
1144536
14417058
6837323
13927936
1551564
7109383
2779143
6717505
10177119
10655252
13684917
44950
13717566
3926877
10945965
12945667
8446
12234095
11264386
8532521
5298122
16432542
15441016
13568636
11737503
11899802
13301451
2861282
11434076
3539204
12552730
5912963
11955325
11747966
9621165
9444080
14317817
1465603
10476452
11268683
5524643
967287
8230915
12238057
5919820
14601536
10033485
11554031
3857388
14037308
4799471
11275193
14054278
6608056
9304439
15599110
7705055
3311979
82712
5859454
7079519
14548759
15475189
7316986
1745831
3067935
1651389
13006138
14128706
13313859
13392896
13456699
10657672
5183994
13917013
2484304
6530476
7862263
11152612
9310998
5542558
4031804
9451262
15145713
9499834
1697367
11201800
2075135
7666223
786205
8173430
973552
8936350
12289349
283828
13791247
5488046
6778015
1068398
10335368
107705
9805817
7037206
14326512
1366058
13404411
8342592
11433173
6472002
14740648
12949685
4579288
12127836
2640821
13832292
15493647
5549832
7270296
214460
7149433
4716408
15764561
8469203
11578445
3019421
7269614
1976894
646148
4385189
11977060
11967532
6028871
11533637
15026700
8131581
4637994
4880116
11698881
14064187
10848239
6237444
2565465
10754815
5756826
3373568
2385909
10698193
13225439
11734827
8815703
14909137
6551114
12443160
5807409
1508362
14287118
43189
11596622
15320097
11020133
4286431
8718978
13365785
5880392
6166473
4193424
10336777
2480298
5779044
10743717
13671314
5205917
14425024
7296407
4723677
6084389
6282537
8424335
367124
11737226
12409057
16369219
9543689
1804331
5006657
6657440
16226969
4824330
7719400
4072095
721227
7050286
15461101
9090418
4232680
14491280
12232289
2961439
5641785
8204753
16062606
16498587
8197234
15306282
617071
5184016
16278679
15524977
4746602
15176900
1092438
15351820
2571473
9208503
13678097
772328
8376858
8984400
1223359
15453191
5152706
3655852
6054142
13854040
10674605
14973083
450508
2355893
3097497
7256714
14922428
8557567
7971379
5539051
11936566
1430907
4985406
6472607
2215383
13109689
13010933
10921320
11541245
9244297
1695263
5402149
7290684
8696232
8718411
848858
1877154
11072384
7961961
10131165
7673650
11181536
2695236
9924879
10351851
11252108
10102755
13646366
12722453
300714
8858278
2107605
14270559
3228464
6453218
14941821
13505017
4680497
11306710
10324469
4343171
1953876
4476956
435515
5599183
7245858
12479876
5779027
2407682
2130189
14518661
13148571
7767495
10422021
1755408
3784461
13623241
2225037
1854052
9566041
4932129
5339329
1669234
9035140
4772289
12648750
1421782
15693294
735449
16770147
12855823
7450151
6453843
3677450
10011053
9729136
16289659
1598410
1575070
5109512
2357775
1917663
1563368
1345269
8574576
9085648
12680023
13236793
12444741
12310153
15857185
11646566
10411853
12350172
7698962
16415885
6343230
3273604
14093102
11486119
6922323
4135528
11993606
11457487
9067163
6059763
7695907
5315214
5900435
12768195
10270143
6047716
2454668
9403017
6101563
11296697
16199390
757180
3329538
12919047
2583087
13059560
2021851
12634006
15056756
4910103
4757567
8950281
4747382
1821041
1201104
11986907
11344325
10860359
13725530
3754813
16176366
12419478
6303548
14610934
4182048
1108414
8329284
9853358
7881768
12065112
441790
12103335
7784390
15813350
7473852
8259189
6701925
11739601
3468967
4369131
12758382
7954179
8437170
12958059
12558014
13977447
12127803
9935569
8176626
12864157
439012
8932325
13745736
9188599
7068070
14308727
2769803
6137452
6820614
8992549
2576699
6038821
4173822
3831050
8550275
5984213
3471373
15886452
3820166
7088748
16178728
13603238
9719938
14220118
8993785
8296708
15573646
14301384