9156038
13321625
5357473
9163045
2078090
7066286
10048249
382964
5572129
3080249
12288846
15376910
6920411
9529904
976482
10604490
2533122
14962394
12370821
10657620
5530473
2904241
742316
16206627
13386978
5708950
7243924
4540389
15343789
6811464
3897079
8184431
11647590
1037611
15799834
14602523
4159468
6545230
1184426
5061831
9454990
2025558
14268404
10125167
8519348
13096434
3635608
2264216
14272074
6918642
8660422
14416481
6212968
5847430
13065022
15666454
12197374
12800657
4207297
5569757
12555042
8034802
12111533
14316165
5851880
6989056
10944678
9448774
7825504
3755725
11337690
2730325
10109377
6154962
2293489
8574182
13776934
13426701
6322709
785200
2191535
595645
11512409
2382897
6806928
2423273
15973688
4968592
4121560
11574744
14341764
1869097
14255994
12379673
182206
9925696
15608453
14544798
12868687
11391976
15129522
11271804
6656303
188596
5006707
4398273
11003847
14073567
3243834
4244889
993272
6621868
9500723
13493713
11315887
14041992
7219677
16306193
4481429
11058866
10009294
6067722
16698097
16245513
6535398
15007648
7438116
125748
2438230
8712855
12218211
14011722
1152521
2303199
7821030
85922
15360434
7245871
1919610
2905946
6821204
6118389
6706371
3440742
2234219
15527106
15419344
7617552
2026016
3243890
4613715
4335410
4549645
2806521
1119710
14964469
10721281
6617421
4348286
16238337
4504686
14802385
7467949
10617036
3311386
3308760
2659990
8464719
7843601
12086105
15728332
2816521
10808504
5819600
13147964
15340511
13645434
16151565
5173221
10100748
1596415
11295686
5005599
3694033
9688479
7655221
14141692
16768556
13089212
770326
9707907
8656490
110764
8958493
10046351
15045003
1040293
4541384
841041
7583467
11557587
13681552
2509539
15621836
4129210
15090534
12711524
9364561
4604065
5042158
14590287
6909097
11808357
13154934
2084834
10268581
13460738
5390810
741893
15717071
16216616
16636446
3997165
3743225
15616163
16458199
15956786
4113864
16744162
835529
3768488
6142572
15936583
15795193
4617547
796467
2821768
15615346
11940049
13853002
2600026
11752795
5202585
3806399
10331589
2311185
4245542
2872351
5996
7438213
6453399
352217
6856259
1203665
7131384
16312881
6396268
15576233
9516783
10018547
3489982
1283282
3938596
4043553
6901189
1037701
12141541
14955930
4405618
1174716
16241037
9703646
3853115
15865379
9149160
8023508
11797967
6170567
7736571
11501301
2692018
2942226
13280168
4073106
2254929
9476960
8865042
13634946
10409296
14430891
14277967
6545544
8798560
3605901
2470921
4849053
2922950
1893962
3229883
3523702
2101833
4607165
987742
13482545
2567601
2673853
6933472
10051466
7757064
2531444
14656655
11666457
10105521
7443278
5019081
5731518
8890051
9698563
16409962
8896462
5083897
2732860
10190775
14401912
13975789
8140030
16119452
7424461
14520522
16614469
4547580
9865679
11617631
5363428
2327221
8182322
15142751
3582928
16262387
4866845
4687105
4437874
829340
7835147
6452099
11337590
12500451
11887060
16309241
8927645
11397254
5428732
7260066
14700329
3709783
6726972
512895
9415632
8840499
2075245
1575977
3113746
7027349
13370932
14791879
12805813
13608177
16473651
16616430
10208525
7650704
4024065
11448050
5942803
9998649
7479581
14840211
324078
6163672
9357888
10170826
2677917
6440335
10214039
2061011
5182592
4346014
10367277
14323724
2233651
2280564
4905481
1206291
2344505
10469766
15187169
9086040
7336474
12347326
12212775
140580
13077652
3895726
12257356
12823437
14271559
6977096
1530314
3882287
10016230
9222968
11175688
9874789
13846134
7562761
5742612
11156375
7376194
10464837
338731
1775573
1603664
3325223
5473857
13359540
12408074
13316469
8862252
13648796
12225599
3167125
3268478
3273848
1557732
4158202
5066050
9328963
12529068
7920488
5995319
7574382
9416691
16161224
9255764
485873
14688421
5945802
13344511
12948184
5485191
14329489
1937285
2982652
1554476
1213302
15949488
7868786
11388918
8331595
2586939
14234179
10821611
6917288
1357008
15790587
75064
13259831
12302776
2500780
10619747
12060535
5842274
5708826
5053543
7800867
15781200
10884715
14413517
1218896
536852
4478232
3491134
7432855
13596230
11751292
15745992
8850207
10333947
13622306
13261574
1635307
4364999
12725553
13820448
10164992
3215403
1358814
5174119
7355912
6178702
3283316
9719880
8039794
7368069
3350572
10458740
7461556
9174184
7775837
203528
10520728
5173784
2493216
15391207
5161222
3396786
6881194
8487539
4301008
5465942
83212
6105990
13211872
8395252
6035339
10161390
2877122
16276137
5107315
4293682
824741
10480985
14299948
2284927
6285027
1192630
13948356
14875173
11301350
11050154
5201648
8597469
13317615
4487016
3065143
973591
1171494
10927659
6130091
5081495
3521962
7722432
11926163
6170277
2098319
8678288
9022421
14473999
14063658
9104257
1841977
3262560
10337006
5633275
9510661
15771690
3352873
5008385
1068498
12555429
11641681
4192975
6082793
14457931
16136612
14863294
9389535
9763345
15374320
1213787
2074644
864750
2541647
16275412
6545258
15787029
9078384
5751381
4787042
1674127
11018373
7866255
6980734
1524361
8217808
140069
329262
8803094
15811181
14440348
3594649
2476039
8272734
12256736
6932225
1842707
3608235
5184367
16741809
4582938
16558424
10169416
7820791
2097986
2914577
149881
16189434
11470550
5600137
10519755
10907684
1531692
689991
934706
12065080
9817259
15320033
224246
9343022
12097296
14140107
847600
10320344
13696543
682888
2293551
6887810
13434720
6362859
3420912
4326448
10351867
14476974
14632151
14209534
16737510
6106442
5434587
13655264
13446872
2942275
1783530
16082662
16615873
16552032
954552
13803707
2936587
11361978
16609250
4396833
7882551
3976238
9357173
6176957
8516769
7440959
836045
9231268
2066221
10402107
1005575
5192829
211052
3195797
2543410
9995566
9931762
14018731
5786461
4976963
4198137
1449959
5102018
8546505
5842508
11327643
15661910
2320052
16293499
12585401
9920081
15050370
14891718
1364224
12822123
884425
9143845
5106386
13615746
7719310
13261061
15009784
12288759
15868845
4990778
9484334
977714
13393245
10117329
12464422
14225677
12828315
790694
3756700
3206697
15830445
6239545
647263
14983648
1192338
6097912
12479639
4538591
11918199
16328706
4484906
4645925
1219595
8971527
5394456
14805030
9464921
1628223
1697673
8543779
7127100
164935
14091148
14076520
15008632
7768793
1435705
10124435
11902331
9360485
10849776
1984570
2210019
1896778
9397909
1618395
1020714
3392866
7774755
4359493
714167
12242246
14092175
10328542
3296310
11936542
11210555
4727932
16133198
11918796
4253606
15992989
4750014
10925194
3039474
15464894
5694363
4009973
3554932
3021473
6064126
12125663
2655015
7914022
1489213
16306703
7611637
2264679
12255467
15709035
14186731
6311572
13488599
731642
13357173
11106060
7891611
16446244
11647119
2900076
8032172
8977049
7622056
7964869
5093546
6137676
11623560
3285998
11104674
14376654
15673285
13087040
11871005
7805634
6536477
14518616
15771314
2015389
9402409
7506761
10378882
15594680
2774296
13858449
4782462
7227202
10584114
16428555
2582920
2069395
3848526
838088
8903997
246760
503059
1219104
3546803
1723434
3908320
5804856
3942287
10288736
10625787
12135212
253415
11846223
10397494
12387043
6588614
3200860
14147173
10794378
15886229
829442
10894825
540871
4969341
10798547
8683333
16154456
1701663
2553286
2938740
25913
1285728
9950139
9685562
16723385
6692260
5016624
9370359
214154
2887406
5922933
15947027
16344802
10997907
15841907
6354428
6375500
6491448
14402704
8474680
12047766
14438807
13507871
2295429
6251756
9518044
16048897
604080
11084545
4624907
16130396
1868619
8990052
11457689
206557
4465215
12107825
16231148
13332560
594027
961448
8486081
10129713
2048458
5095586
1766494
415565
6769103
10975435
11042255
4123621
16103765
12698478
5180048
3389589
10199193
4499969
1198187
16297355
4314940
3755126
7221807
5805562
5608290
4298742
12869549
3680967
6284769
6175601
6124969
2274786
1198319
4618102
6669988
12929914
983139
262993
6515228
14805462
8644745
9959936
14566193
4946772
10523687
10331825
7589358
14568978
5817522
13151856
16612986
10175277
13646722
5709204
16114983
6602173
6840105
6044022
7745465
7013865
10492322
14300184
4621409
6665145
637277
12592432
2665408
9093580
10654115
2677737
12528303
1847960
2576281
10708471
12203455
6857812
16267780
3729410
86381
3221724
2381641
12124879
9933786
16754094
189927
10562080
14738777
16612610
1914666
2627959
11637665
1062514
2293876
8354286
5940408
13382492
15994537
652728
16559859
1090045
13830375
15584979
2050472
13296788
6861279
3084809
9720901
8533033
15909163
1686848
14326945
16444801
16363547
5197165
5715334
15888999
11708753
1280493
11599904
16671604
8151492
11936059
11593158
2346945
15397149
6078617
2481597
11696656
2782306
14733473
7240078
2780052
11659306
3039214
932310
8665731
14047398
12957745
10204336
14032490
3371876
14046901
6961135
4911891
15217686
4843941
13924802
7074900
5086597
5664156
180823
9554282
3818720
2401628
12026569
1308297
15406750
2498062
9905239
8195482
4333291
2722531
3105180
16766100
16726383
15586270
8465419
9979424
1175202
12316541
5903275
9338686
9690230
8605216
14721223
11086515
10928894
9224355
4835470
10213451
15845474
14972175
3727126
335277
13893410
3488386
13405018
8984439
3941820
9500293
10718622
451
122230
8795393
2481026
8197415
10183547
9225092
6500553
3441539
12926844
307017
8730001
8425259
4944386
1209929
3149983
14264979
13042475
13961003
8926380
10929921
5347781
5704434
1204816
11836036
1638638
2879291
1757142
3384535
11540754
14563690
480504
11486784
12603047
2150736
9536354
15958107
16040923
6710512
9873652
13131746
9962672
1851790
3729133
14633565
9201865
1484314
15534976
7392342
10135173
3611777
5740672
6782544
6756473
11384844
3134122
1297395
11524888
8214383
4461940
11460829
14071114
3233574
2288289
15303902
9799286
14404973
3244466
459500
38418
955482
7384128
15448135
3406848
5741636
1529617
11153616
15375637
16751976
15385827
356944
2878728
9170968
14978380
3427878
4168938
7043309
10169811
10262537
2516654
549499
11620155
5563804
913463
13668282
13799961
12044721
1976716
10822252
4523638
5030363
7172642
9252458
6911584
7010400
5157789
15667182
12242727
2849410
11068523
11412080
4964083
10252300
5036450
2623903
1053753
8290466
13577835
9418952
6661897
8301488
5217670
3456883
4242689
10700516
3338308
6622629
5981758
13136072
4268550
15686809
6383233
6875919
8618592
7914644
4248064
5070527
12003576
9895965
6430283
5784276
7834322
3532631
1595749
571132
11237909
11871531
6391716
1782936
6415434
1903560
13996144
3588344
5753770
5637420
4224608
4162535
12852307
6929504
66204
3471117
12554633
2869107
7244392
13034425
15908846
1568346
6123350
12350200
7241032
1896742
16497575
12244889
13397038
12982619
11400324
13782343
11120835
3188554
7381660
13657629
1379935
2631872
9461451
3887853
14260751
7611157
7473338
10751369
10985826
382052
6282946
9447445
4543284
8277677
5533801
196724
11763616
2176906
11356502
16507531
4039135
12095016
1765995
12460
71998
15394426
256063
10817487
16605151
4435895
5041896
16014145
9371806
16078721
10731320
2107809
9222091
7517266
8646629
11535010
15904951
900990
3062860
8939579
4071652
8215674
12925465
13262878
9040275
9425789
7341739
1215523
507143
7317541
494278
8589910
4110350
5026055
15005365
15373771
4604764
15064366
6327549
3625192
13238849
1111578
4348181
5632292
363709
7721326
10734241
16169008
6917177
10188751
14636231
5627647
16642611
4730981
8495081
11942981
6171578
3642512
9672265
6315714
9978457
13294667
16567497
1479084
476117
13746197
11546708
12924507
8734558
7475191
3309560
9489532
5812730
7413771
3454711
3048230
4168168
3381258
8222200
9898292
4151123
6289012
3909326
3830225
2706194
4062585
14920683
12706904
7199391
2599675
2347037
11193300
831958
5955830
3688308
6577488
10617782
1207248
12703890
6739610
7917066
12438776
15536080
11749180
8243315
9506279
5863315
8328047
13871150
1884180
14105088
16572834
824602
3080272
517270
2338769
7668241
3496850
4768869
14590015
10309785
10493080
4455347
14092117
5056943
15905949
13903781
14646273
3058249
4191398
10449472
10927114
1874976
14832466
12880893
8116570
5981528
2414428
13193271
4430207
8100914
10545410
7803109
8284224
6306720
14772353
11725816
15041722
9041987
12891757
2832456
3633478
5104421
3416262
15039174
3179288
6169160
10036612
12817596
7405664
6837874
2969488
11153033
10183218
5949890
15323479
7512189
15803274
2410119
9288430
15499565
1119452
14540076
6255034
3117575
3575018
6446360
4821509
10707329
3097639
14809855
11707692
8613360
6686451
10340243
5156585
3457036
4002933
557157
11634541
10703670
14744889
5282043
5903552
9081127
9614314
13129058
11095237
13284363
1737572
11093630
1365045
15350661
2696132
16618589
11127752
13167338
2267859
7918674
1710639
12559000
7904803
2376067
5591071
13516985
7749429
10209780
9628541
4685742
2956082
9251796
11913541
2067166
4210417
4327291
4029621
14977918
7854839
6991170
1211755
15052443
11779885
5920176
1926929
9309434
12318070
8584619
15053622
14371005
3044529
2760495
7016472
3031207
11251713
10469918
11952153
12467581
10895993
11321317
7690198
5221174
12600785
6835067
6547843
4708489
15188024
11632097
12789547
10682886
10463534
14157372
12356177
11240942
3010706
13245686
520708
15099499
5639024
14237303
11140775
5423620
16722405
11984082
16361269
5078368
7243042
448646
13428434
8130691
1102469
12112528
5922679
3407810
11175193
12473801
3295443
9676309
3304588
3338750
8747802
8789263
1383272
4742440
15305569
16059159
7614345
1854735
8463418
12301460
12872557
12404120
10753348
4206490
12214727
9943234
5184899
2667797
135485
3927907
12954986
10072658
8650565
14921274
6525389
6620101
6050048
428441
15795544
5925238
16694736
10299783
4414740
13778861
6299889
14502062
7083231
10274244
7646686
10514928
5233040
10901410
1954196
6906869
788868
9735635
3333969
8763264
2721190
12331761
9326786
586958
7698539
9591479
178519
7256558
5134330
12435369
15149940
9915607
1606014
10295216
583593
4778574
4467953
2248622
1741751
5803044
15919210
14583888
737828
12321120
11944831
9714727
15693277
12534063
5424291
4199519
11099820
4753918
8729741
14439401
13595868
1025463
9968764
8903079
10418025
13491341
9919777
246840
4549153
4251530
2817519
16657241
4496428
12293596
11325088
15070253
15723982
1136332
14922332
875408
15931557
1687977
11553351
10309248
5568447
4896407
232383
15705449
13621879
13724167
10559927
5130480
6006789
2039570
11759786
10118118
13631649
2563199
7619825
7501184
15399130
121014
3528011
3597525
16704408
12984386
13109653
9870556
135435
2299992
677828
6553234
11304560
14656044
9338325
14926411
1979948
3015810
6429372
10246717
16223510
15054246
15120390
9739276
13381683
9586926
4338382
16169581
4419850
2496865
14363619
11949440
6804545
5676988
13677873
9807755
9735072
7649134
11559256
6255597
6433577
5942299
7912420
3952085
13142972
5668903
14050884
16150711
12381044
13448938
153447
1898023
15225515
14622188
8805799
10705271
9663739
10321432
8448960
6210244
3206562
4340644
14706946
16476659
13959884
7781750
15123394
9304071
9533992
5516262
16439298
256108
8136374
15827571
8790697
4674685
13841681
13871202
8125486
13193088
14786917
14359191
6843175
9740472
6011047
8450579
12813430
3432520
2669826
14705026
7688228
2475413
5709836
10318112
16004442
13047536
5245838
6401509
7638999
700753
8706324
10627596
11161228
8255033
1750411
525021
16310072
15042937
3609204
10942895
3392229
1260453
4146839
5832732
2860446
1135736
16115783
5573
6736656
7675589
7926510
221094
9231598
11521037
16162205
15647654
10440578
13251384
125552
2186781
8870632
10311530
6542540
9334717
15614646
13451106
15559007
11994072
2467807
13367809
11903984
4361939
3860878
10192222
10341164
6096665
5784175
16119070
5868960
12764776
8248869
1484641
16653790
1394514
7880143
15410028
2869749
3092032
2256500
8626297
14733513
13872943
15961079
751830
15728651
16707450
11021338
7339655
10276726
14435794
7464466
13726761
8340842
15404769
1065968
1646947
9497082
10457617
1111757
3433149
2016800
16743809
595652
11779826
12767179
12971922
7079513
1271800
15734764
7793464
266939
16773804
16060315
125762
9488341
13943144
14035462
8405551
2855426
3758139
9194478
6167176
735113
5819930
15261157
2972592
9530489
13284120
8595820
12541062
10436835
9084000
1392726
1890189
6707603
8548526
7588084
13623971
15354389
11139345
13330778
13080781
1873044
12786989
14777047
14020053
16580536
9063444
5475499
9078013
15657635
14986602
4011922
9914559
2042639
6981820
2634974
14367280
1621328
1502015
8658754
4006925
707072
14071790
8889903
13155863
15385016
16696172
14409968
16435759
2718099
6820240
138482
9288682
2539127
12065053
1532648
13662615
8444425
7092403
5340530
7892877
15025569
9941388
11253139
13579480
16106327
1991654
9390180
9922965
11810635